"V1";"V2"
6.00250382553988;0.0315049519308936
6.00402135822593;0.0631676696683418
6.00454515814875;0.0949574751214507
6.00406873328251;0.126843378992751
6.00258655166278;0.158794109862017
6.00009405267867;0.190778143726568
5.99658765746248;0.222763733971296
5.99206477836125;0.25471894174105
5.98652382747509;0.286611666687477
5.9799642242482;0.318409678061841
5.97238640209937;0.350080646124852
5.96379181407948;0.381592173844033
5.95418293754454;0.412911828848686
5.94356327783371;0.444007175612096
5.93193737094261;0.474845807830192
5.91931078518327;0.505395380965493
5.90569012182289;0.535623644924844
5.89108301469472;0.565498476839087
5.87549812877526;0.594987913912554
5.85894515772293;0.624060186309981
5.84143482037451;0.652683750048222
5.82297885619657;0.680827319859937
5.80359001969007;0.708459901996267
5.78328207374761;0.735550826935348
5.76206978196346;0.762069781963459
5.73996889989797;0.787986843595457
5.7169961652986;0.813272509801183
5.69316928728127;0.837897732004475
5.66850693447642;0.861833946821445
5.64302872214552;0.885053107504782
5.61675519827468;0.907527715060882
5.58970782865303;0.929230849006775
5.56190898094482;0.95013619773395
5.53338190776499;0.970218088446406
5.50415072876917;0.989451516640458
5.47424041177011;1.00781217509409
5.44367675289343;1.025276482334
5.41248635578697;1.04182161054867
5.38069660989854;1.05742551291638
5.34833566783842;1.07206695031725
5.31543242184356;1.08572551739899
5.28201647936168;1.09838166796638
5.24811813777432;1.11001673966518
5.21376835827895;1.12061297793141
5.17899873895116;1.1301535591778
5.14384148700893;1.13862261318961
5.10832939030183;1.14600524470268
5.07249578804907;1.15228755413737
5.03637454085106;1.15745665746239
5;1.16150070516367
4.96340697611612;1.16440890029385
4.92663070713667;1.1661715155788
4.88970682568587;1.16677990955853
4.85267132585458;1.16622654174043
4.81556052941943;1.16450498674393
4.77841105153177;1.16160994741626
4.74125976590745;1.15753726690007
4.70414376954923;1.15228393963463
4.66710034703436;1.14584812127308
4.63016693440024;1.13822913749945
4.59338108266183;1.12942749172998
4.55678042099522;1.11944487168429
4.52040261962183;1.10828415481313
4.48428535242882;1.0959494125704
4.44846625936122;1.08244591351822
4.41298290862212;1.06778012525494
4.37787275871746;1.05195971515706
4.34317312038242;1.03499354992729
4.30892111842671;1.01689169394194
4.27515365353639;0.997665406392101
4.24190736407012;0.977327137214263
4.20921858788799;0.955890521807104
4.17712332425115;0.933370374532502
4.14565719583087;0.909782680999905
4.11485541086552;0.885144589134481
4.08475272550418;0.859474399030672
4.0553834063757;0.832791551593967
4.02678119342176;0.805116615974988
3.9989792630329;0.77647127580116
3.9720101915259;0.74687831421252
3.94590591900121;0.716361597709403
3.9206977136188;0.684946058821033
3.89641613633049;0.652657677605207
3.87309100610695;0.619523461990577
3.85075136569685;0.585571426974173
3.82942544795568;0.55083057268809
3.80914064278133;0.51533086135045
3.78992346469297;0.479103193116959
3.77179952108957;0.442179380850574
3.75479348122385;0.404592123827983
3.73892904592689;0.36637498040278
3.7242289181182;0.327562339646367
3.71071477413542;0.288189391988767
3.69840723591711;0.248292098882677
3.68732584407175;0.207907161515179
3.67748903186497;0.16707198859266
3.66891410015657;0.125824663225523
3.66161719331812;0.0842039089403964
3.65561327616105;0.0422490548485119
3.6509161119043;1.65215126533766e-16
3.64753824120984;-0.0425028230451977
3.64549096231344;-0.0852184853981114
3.64478431227697;-0.128105599740597
3.64542704938791;-0.171122358910737
3.64742663673031;-0.214226575139345
3.65078922695088;-0.257375719902319
3.65551964824234;-0.300526964352712
3.66162139156561;-0.343637220295638
3.66909659913086;-0.38666318166833
3.67794605415655;-0.429561366486968
3.68816917192439;-0.47228815922117
3.69976399214684;-0.514799853556399
3.71272717266283;-0.55705269550389
3.72705398447577;-0.599002926817156
3.74273830814705;-0.640606828673498
3.75977263155664;-0.681820765578534
3.77814804904131;-0.722601229451198
3.79785426191961;-0.762904883846271
3.81887958041136;-0.802688608271097
3.84121092695818;-0.841909542552795
3.86483384095004;-0.880525131211936
3.88973248486178;-0.918493167798419
3.91588965180162;-0.955771839145021
3.94328677447292;-0.992319769493947
3.97190393554849;-1.02809606445151
4.00171987945575;-1.06306035472602
4.03271202556926;-1.09717283960393
4.06485648280607;-1.13039433011917
4.09812806561762;-1.16268629187074
4.13250031137071;-1.19401088744373
4.16794549910836;-1.22433101838894
4.2044346696803;-1.25361036671653
4.24193764723107;-1.28181343585938
4.28042306203251;-1.30890559106205
4.3198583746458;-1.3348530991515
4.36020990139708;-1.35962316764613
4.40144284114885;-1.38318398316024
4.44352130334849;-1.40550474906113
4.48640833733322;-1.42655572233682
4.53006596287013;-1.4463082496329
4.57445520190784;-1.46473480241734
4.61953611151568;-1.48180901123312
4.66526781798436;-1.49750569899881
4.7116085520612;-1.51180091331821
4.75851568529154;-1.52467195776079
4.80594576743653;-1.53609742207552
4.85385456493657;-1.54605721130156
4.90219710038819;-1.55453257373993
4.95092769300095;-1.56150612775161
5;-1.5669618873481
5.04936705893844;-1.57088528654166
5.09898133088289;-1.5732632024235
5.14879474443412;-1.57408397693917
5.19875874054409;-1.57333743733158
5.24882431808915;-1.57101491522334
5.29894208015855;-1.56710926431097
5.34906228101637;-1.56161487664522
5.39913487369387;-1.55452769747252
5.44910955816859;-1.54584523861423
5.49893583008568;-1.53556659036157
5.54856302997584;-1.52369243186526
5.59794039292391;-1.51022504000063
5.64701709864109;-1.49516829669015
5.69574232189323;-1.47852769466667
5.74406528323693;-1.46031034166246
5.7919353000147;-1.44052496301025
5.8393018375597;-1.41918190264413
5.88611456056025;-1.39629312248988
5.93232338453372;-1.37187220023541
5.97787852735909;-1.34593432547403
6.022730560817;-1.31849629421446
6.06683046208587;-1.28957650175335
6.11012966514252;-1.25919493390765
6.15258011201507;-1.22737315660548
6.19413430383642;-1.19413430383642
6.23474535164581;-1.15950306396301
6.27436702688639;-1.12350566439764
6.31295381154642;-1.08616985464999
6.35046094789199;-1.04752488775246
6.38684448773899;-1.00760150007219
6.42206134121251;-0.96643188952025
6.45606932494173;-0.924049692170104
6.48882720963894;-0.880489957299141
6.52029476701124;-0.835789120868755
6.55043281595437;-0.789984977460064
6.57920326797784;-0.743116650684028
6.60656917181171;-0.69522456208637
6.63249475714538;-0.646350398569293
6.65694547744949;-0.596537078353643
6.67988805183264;-0.545828715506752
6.70129050588551;-0.494270583062769
6.72112221146515;-0.441909074763846
6.73935392537373;-0.388791665452142
6.75595782688618;-0.334966870144083
6.77090755408242;-0.280484201819839
6.78417823894081;-0.225394127962466
6.79574654115014;-0.169748025882621
6.80559068059882;-0.113598136866166
6.81369046850088;-0.0569975191833991
6.82002733711941;-4.45778130552793e-16
6.82458436804937;0.0573398737688569
6.82734631902295;0.11496688561851
6.82829964920167;0.172825200584875
6.82743254292103;0.230858417299404
6.82473493185455;0.289009620922411
6.82019851556571;0.347221436907249
6.8138167804175;0.405436085546553
6.80558501681078;0.463595437250837
6.79550033472433;0.521641068508562
6.78356167753074;0.57951431847594
6.76976983406404;0.637156346143656
6.75412744891657;0.694508188026963
6.73663903094397;0.751510816324578
6.71731095995935;0.808105197491193
6.69615149159875;0.864232351167499
6.67317076034227;0.919833409411077
6.64838078067667;0.974849676170755
6.62179544638717;1.02922268694653
6.59343052796786;1.0828942685765
6.56330366814207;1.135806599092
6.53143437548577;1.18790226758137
6.49784401614902;1.23912433400283
6.46255580367225;1.28941638888614
6.42559478689622;1.33872261286312
6.38698783596612;1.38698783596612
6.34676362643248;1.43415759663417
6.30495262145324;1.48017820036587
6.26158705210348;1.5249967779585
6.21670089580097;1.56856134327254
6.17032985285782;1.61082085046119
6.12251132117043;1.65172525060432
6.07328436906185;1.69122554768701
6.02268970629248;1.72927385386248
5.97076965325718;1.7658234439402
5.91756810838857;1.80082880903989
5.86313051378836;1.83424570935302
5.80750381911042;1.86603122595351
5.75073644372105;1.89614381160036
5.69287823716403;1.92454334047533
5.63398043795967;1.95119115679964
5.57409563076906;1.97605012227427
5.51327770195643;1.99908466228962
5.45158179358442;2.02026081085079
5.38906425587882;2.03954625416596
5.32578259820101;2.0569103728464
5.26179543856815;2.07232428266743
5.1971624517628;2.0857608738411
5.13194431607533;2.09719484875248
5.0662026587241;2.1066027581124
5;2.11396303548135
4.93339969618348;2.11925603011995
4.86646588128363;2.12246403812339
4.79926340765062;2.12357133179823
4.73185778551377;2.12256418724181
4.66431512149954;2.11943091008583
4.59670205618429;2.11416185936744
4.52908570073888;2.10674946949262
4.46153357272249;2.09718827025868
4.39411353108497;2.08547490490391
4.32689371043775;2.07160814615485
4.25994245465464;2.05558891024278
4.19332824986474;2.03742026886354
4.12711965690088;2.01710745905617
4.06138524326755;1.99465789097808
3.9961935146937;1.97008115355636
3.93161284633593;1.94338901799678
3.86771141369909;1.91459543913419
3.80455712334116;1.88371655460993
3.7422175434307;1.85077068186399
3.6807598342251;1.81577831293197
3.62025067853871;1.77876210703861
3.56075621227025;1.73974688098226
3.50234195505916;1.69875959730654
3.44507274114093;1.65582935025761
3.38901265047192;1.61098734952809
3.33422494019358;1.5642669017901
3.28077197650715;1.51570339002311
3.22871516702889;1.46533425064355
3.17811489369647;1.4131989484461
3.12903044629699;1.35933894936845
3.08151995668645;1.30379769109365
3.03564033377073;1.24662055150648
2.99144719931763;1.18785481502234
2.94899482466893;1.12754963680971
2.90833606842111;1.06575600492901
2.86952231514303;1.00252670041347
2.83260341519757;0.93791625531911
2.79762762573446;0.871980908774066
2.76464155291986;0.80477856105858
2.73369009546811;0.736368725750131
2.70481638953968;0.666812479969649
2.67806175506873;0.596172412767182
2.65346564358228;0.524512571687375
2.63106558757232;0.451898407557229
2.61089715148044;0.378396717540525
2.59299388435399;0.304075586505541
2.57738727423077;0.229004326754294
2.56410670430838;0.153253416163834
2.55317941095272;0.0768944347917495
2.54463044359848;9.02088140391292e-16
2.53848262659332;-0.077356299847008
2.53475652303515;-0.155099973052472
2.533470400651;-0.233155693565962
2.53464019976349;-0.311447371209897
2.53827950338963;-0.38989822309107
2.54439950951459;-0.468430846133009
2.55300900558113;-0.546967290663442
2.56411434523357;-0.625429134989785
2.57771942735297;-0.703737560893928
2.59382567741834;-0.78181342997665
2.6124320312264;-0.859577360780333
2.63353492100025;-0.936949806617712
2.65712826391536;-1.01385113403313
2.68320345306868;-1.09020170182176
2.71174935091464;-1.16592194053113
2.74275228518942;-1.24093243236862
2.77619604734249;-1.31515399143728
2.81206189349209;-1.38850774422212
2.85032854791873;-1.46091521024773
2.89097220910862;-1.53229838282778
2.93396655835624;-1.60257980982638
2.97928277093281;-1.67168267435053
3.02688952982491;-1.73953087529283
3.07675304204508;-1.80604910764302
3.12883705751338;-1.87116294248662
3.18310289050661;-1.9347989066092
3.2395094436692;-1.99688456162408
3.29801323457704;-2.05734858254166
3.3585684248433;-2.11612083569874
3.42112685175211;-2.1731324559658
3.48563806240396;-2.22831592315112
3.5520493503537;-2.28160513752037
3.62030579471949;-2.33293549435103
3.69035030173848;-2.38224395744138
3.76212364874254;-2.42946913149429
3.83556453052435;-2.47455133329683
3.91060960806239;-2.51743266161735
3.98719355956967;-2.55805706574241
4.06524913382986;-2.59637041257715
4.14470720578075;-2.6323205522332
4.22549683430332;-2.66585738202976
4.30754532217179;-2.69693290883416
4.3907782781179;-2.72550130966995
4.47511968095994;-2.75151899052123
4.56049194574506;-2.774944643264
4.64681599185076;-2.79573930065611
4.73401131298936;-2.81386638931944
4.82199604905697;-2.82929178064927
4.91068705976622;-2.8419838395874
5;-2.85191347119776
5.08984939682115;-2.85905416498448
5.18014872807131;-2.8633820368948
5.27081050248979;-2.86487586895092
5.36174634128167;-2.86351714645687
5.45286706106234;-2.8592900927288
5.5440827581039;-2.85218170129905
5.63530289380705;-2.84218176554666
5.72643638132054;-2.82928290570927
5.81739167322846;-2.81348059323378
5.9080768502243;-2.79477317242531
5.99839971068908;-2.77316187935673
6.08826786108944;-2.74865085800341
6.17758880711047;-2.72124717357034
6.26627004543661;-2.69096082298148
6.35421915609271;-2.65780474250387
6.44134389525662;-2.62179481248157
6.52755228845321;-2.58294985915745
6.61275272403921;-2.5412916535634
6.69685404688707;-2.4968449074626
6.77976565217562;-2.44963726633011
6.8613975791944;-2.39969929936095
6.94166060506803;-2.34706448649792
7.0204663383066;-2.29176920247419
7.09772731208758;-2.23385269786852
7.17335707717433;-2.17335707717434
7.24727029437649;-2.1103272738864
7.31938282645681;-2.04481102261221
7.38961182938961;-1.976858828218
7.45787584287562;-1.90652393202241
7.52409488001833;-1.83386227505391
7.58819051606746;-1.75893245839082
7.65008597613496;-1.68179570060637
7.70970622179007;-1.60251579234354
7.76697803644005;-1.52115904804814
7.82183010940398;-1.43779425489098
7.87419311858797;-1.35249261891355
7.9239998116706;-1.26532770843406
7.97118508570871;-1.17637539475414
8.01568606507444;-1.08571379020897
8.05744217763568;-0.993423183607063
8.09639522909333;-0.899585973108191
8.13248947538998;-0.804286596591345
8.16567169310615;-0.707611459567078
8.19589124776164;-0.609648860691562
8.22310015994128;-0.510488914942222
8.24725316916585;-0.410223474517876
8.26830779543088;-0.308946047528421
8.28622439833789;-0.206751714542254
8.30096623374452;-0.103737043061775
8.31249950786197;-1.62265676779214e-15
3.99749617446012;-0.0315049519308936
3.99597864177407;-0.0631676696683418
3.99545484185125;-0.0949574751214507
3.99593126671749;-0.126843378992751
3.99741344833722;-0.158794109862017
3.99990594732133;-0.190778143726568
4.00341234253752;-0.222763733971296
4.00793522163875;-0.25471894174105
4.01347617252491;-0.286611666687477
4.0200357757518;-0.318409678061841
4.02761359790063;-0.350080646124852
4.03620818592052;-0.381592173844033
4.04581706245546;-0.412911828848686
4.05643672216629;-0.444007175612096
4.06806262905739;-0.474845807830192
4.08068921481673;-0.505395380965493
4.09430987817711;-0.535623644924844
4.10891698530528;-0.565498476839087
4.12450187122474;-0.594987913912554
4.14105484227707;-0.624060186309981
4.15856517962549;-0.652683750048222
4.17702114380343;-0.680827319859937
4.19640998030993;-0.708459901996267
4.21671792625239;-0.735550826935348
4.23793021803654;-0.762069781963459
4.26003110010203;-0.787986843595457
4.2830038347014;-0.813272509801183
4.30683071271873;-0.837897732004475
4.33149306552358;-0.861833946821445
4.35697127785448;-0.885053107504782
4.38324480172532;-0.907527715060882
4.41029217134697;-0.929230849006775
4.43809101905518;-0.95013619773395
4.46661809223501;-0.970218088446406
4.49584927123083;-0.989451516640458
4.52575958822989;-1.00781217509409
4.55632324710657;-1.025276482334
4.58751364421303;-1.04182161054867
4.61930339010146;-1.05742551291638
4.65166433216158;-1.07206695031725
4.68456757815644;-1.08572551739899
4.71798352063832;-1.09838166796638
4.75188186222568;-1.11001673966518
4.78623164172105;-1.12061297793141
4.82100126104884;-1.1301535591778
4.85615851299107;-1.13862261318961
4.89167060969817;-1.14600524470268
4.92750421195093;-1.15228755413737
4.96362545914894;-1.15745665746239
5;-1.16150070516367
5.03659302388388;-1.16440890029385
5.07336929286333;-1.1661715155788
5.11029317431413;-1.16677990955853
5.14732867414542;-1.16622654174043
5.18443947058057;-1.16450498674393
5.22158894846823;-1.16160994741626
5.25874023409255;-1.15753726690007
5.29585623045077;-1.15228393963463
5.33289965296564;-1.14584812127308
5.36983306559976;-1.13822913749945
5.40661891733817;-1.12942749172998
5.44321957900478;-1.11944487168429
5.47959738037817;-1.10828415481313
5.51571464757118;-1.0959494125704
5.55153374063878;-1.08244591351822
5.58701709137788;-1.06778012525494
5.62212724128254;-1.05195971515706
5.65682687961758;-1.03499354992729
5.69107888157329;-1.01689169394194
5.72484634646361;-0.997665406392101
5.75809263592988;-0.977327137214263
5.79078141211201;-0.955890521807104
5.82287667574885;-0.933370374532502
5.85434280416913;-0.909782680999905
5.88514458913448;-0.885144589134481
5.91524727449582;-0.859474399030672
5.9446165936243;-0.832791551593967
5.97321880657824;-0.805116615974988
6.0010207369671;-0.77647127580116
6.0279898084741;-0.74687831421252
6.05409408099879;-0.716361597709403
6.0793022863812;-0.684946058821033
6.10358386366951;-0.652657677605207
6.12690899389305;-0.619523461990577
6.14924863430315;-0.585571426974173
6.17057455204432;-0.55083057268809
6.19085935721867;-0.51533086135045
6.21007653530703;-0.479103193116959
6.22820047891043;-0.442179380850574
6.24520651877615;-0.404592123827983
6.26107095407311;-0.36637498040278
6.2757710818818;-0.327562339646367
6.28928522586458;-0.288189391988767
6.30159276408289;-0.248292098882677
6.31267415592825;-0.207907161515179
6.32251096813503;-0.16707198859266
6.33108589984343;-0.125824663225523
6.33838280668188;-0.0842039089403964
6.34438672383895;-0.0422490548485119
6.3490838880957;-1.65215126533766e-16
6.35246175879016;0.0425028230451977
6.35450903768656;0.0852184853981114
6.35521568772303;0.128105599740597
6.35457295061209;0.171122358910737
6.35257336326969;0.214226575139345
6.34921077304912;0.257375719902319
6.34448035175766;0.300526964352712
6.33837860843439;0.343637220295638
6.33090340086914;0.38666318166833
6.32205394584345;0.429561366486968
6.31183082807561;0.47228815922117
6.30023600785316;0.514799853556399
6.28727282733717;0.55705269550389
6.27294601552423;0.599002926817156
6.25726169185295;0.640606828673498
6.24022736844336;0.681820765578534
6.22185195095869;0.722601229451198
6.20214573808039;0.762904883846271
6.18112041958864;0.802688608271097
6.15878907304182;0.841909542552795
6.13516615904996;0.880525131211936
6.11026751513822;0.918493167798419
6.08411034819838;0.955771839145021
6.05671322552708;0.992319769493947
6.02809606445151;1.02809606445151
5.99828012054425;1.06306035472602
5.96728797443074;1.09717283960393
5.93514351719393;1.13039433011917
5.90187193438238;1.16268629187074
5.86749968862929;1.19401088744373
5.83205450089164;1.22433101838894
5.7955653303197;1.25361036671653
5.75806235276893;1.28181343585938
5.71957693796749;1.30890559106205
5.6801416253542;1.3348530991515
5.63979009860292;1.35962316764613
5.59855715885115;1.38318398316024
5.55647869665151;1.40550474906113
5.51359166266678;1.42655572233682
5.46993403712987;1.4463082496329
5.42554479809216;1.46473480241734
5.38046388848432;1.48180901123312
5.33473218201564;1.49750569899881
5.2883914479388;1.51180091331821
5.24148431470846;1.52467195776079
5.19405423256347;1.53609742207552
5.14614543506343;1.54605721130156
5.09780289961181;1.55453257373993
5.04907230699905;1.56150612775161
5;1.5669618873481
4.95063294106156;1.57088528654166
4.90101866911711;1.5732632024235
4.85120525556588;1.57408397693917
4.80124125945591;1.57333743733158
4.75117568191085;1.57101491522334
4.70105791984145;1.56710926431097
4.65093771898363;1.56161487664522
4.60086512630613;1.55452769747252
4.55089044183141;1.54584523861423
4.50106416991432;1.53556659036157
4.45143697002416;1.52369243186526
4.40205960707609;1.51022504000063
4.35298290135891;1.49516829669015
4.30425767810677;1.47852769466667
4.25593471676307;1.46031034166246
4.2080646999853;1.44052496301025
4.1606981624403;1.41918190264413
4.11388543943975;1.39629312248988
4.06767661546628;1.37187220023541
4.02212147264091;1.34593432547403
3.977269439183;1.31849629421446
3.93316953791413;1.28957650175335
3.88987033485748;1.25919493390765
3.84741988798493;1.22737315660548
3.80586569616358;1.19413430383642
3.76525464835419;1.15950306396301
3.72563297311361;1.12350566439764
3.68704618845358;1.08616985464999
3.64953905210801;1.04752488775246
3.61315551226101;1.00760150007219
3.57793865878749;0.96643188952025
3.54393067505827;0.924049692170104
3.51117279036106;0.880489957299141
3.47970523298876;0.835789120868755
3.44956718404563;0.789984977460064
3.42079673202216;0.743116650684028
3.39343082818829;0.69522456208637
3.36750524285462;0.646350398569293
3.34305452255051;0.596537078353643
3.32011194816735;0.545828715506752
3.29870949411449;0.494270583062769
3.27887778853485;0.441909074763846
3.26064607462627;0.388791665452142
3.24404217311382;0.334966870144083
3.22909244591758;0.280484201819839
3.21582176105919;0.225394127962466
3.20425345884986;0.169748025882621
3.19440931940118;0.113598136866166
3.18630953149912;0.0569975191833991
3.17997266288059;4.45778130552793e-16
3.17541563195063;-0.0573398737688569
3.17265368097705;-0.11496688561851
3.17170035079833;-0.172825200584875
3.17256745707897;-0.230858417299404
3.17526506814545;-0.289009620922411
3.17980148443429;-0.347221436907249
3.1861832195825;-0.405436085546553
3.19441498318922;-0.463595437250837
3.20449966527567;-0.521641068508562
3.21643832246926;-0.57951431847594
3.23023016593596;-0.637156346143656
3.24587255108343;-0.694508188026963
3.26336096905603;-0.751510816324578
3.28268904004065;-0.808105197491193
3.30384850840125;-0.864232351167499
3.32682923965773;-0.919833409411077
3.35161921932333;-0.974849676170755
3.37820455361283;-1.02922268694653
3.40656947203214;-1.0828942685765
3.43669633185793;-1.135806599092
3.46856562451422;-1.18790226758137
3.50215598385098;-1.23912433400283
3.53744419632775;-1.28941638888614
3.57440521310378;-1.33872261286312
3.61301216403388;-1.38698783596612
3.65323637356752;-1.43415759663417
3.69504737854676;-1.48017820036587
3.73841294789652;-1.5249967779585
3.78329910419903;-1.56856134327254
3.82967014714218;-1.61082085046119
3.87748867882957;-1.65172525060432
3.92671563093815;-1.69122554768701
3.97731029370752;-1.72927385386248
4.02923034674282;-1.7658234439402
4.08243189161143;-1.80082880903989
4.13686948621164;-1.83424570935302
4.19249618088958;-1.86603122595351
4.24926355627895;-1.89614381160036
4.30712176283597;-1.92454334047533
4.36601956204033;-1.95119115679964
4.42590436923094;-1.97605012227427
4.48672229804357;-1.99908466228962
4.54841820641558;-2.02026081085079
4.61093574412118;-2.03954625416596
4.67421740179899;-2.0569103728464
4.73820456143185;-2.07232428266743
4.8028375482372;-2.0857608738411
4.86805568392467;-2.09719484875248
4.9337973412759;-2.1066027581124
5;-2.11396303548135
5.06660030381652;-2.11925603011995
5.13353411871637;-2.12246403812339
5.20073659234938;-2.12357133179823
5.26814221448623;-2.12256418724181
5.33568487850046;-2.11943091008583
5.40329794381571;-2.11416185936744
5.47091429926112;-2.10674946949262
5.53846642727751;-2.09718827025868
5.60588646891503;-2.08547490490391
5.67310628956225;-2.07160814615485
5.74005754534536;-2.05558891024278
5.80667175013526;-2.03742026886354
5.87288034309912;-2.01710745905617
5.93861475673245;-1.99465789097808
6.0038064853063;-1.97008115355636
6.06838715366407;-1.94338901799678
6.13228858630091;-1.91459543913419
6.19544287665884;-1.88371655460993
6.2577824565693;-1.85077068186399
6.3192401657749;-1.81577831293197
6.37974932146129;-1.77876210703861
6.43924378772975;-1.73974688098226
6.49765804494085;-1.69875959730654
6.55492725885907;-1.65582935025761
6.61098734952808;-1.61098734952809
6.66577505980642;-1.5642669017901
6.71922802349285;-1.51570339002311
6.77128483297111;-1.46533425064355
6.82188510630353;-1.4131989484461
6.87096955370301;-1.35933894936845
6.91848004331355;-1.30379769109365
6.96435966622927;-1.24662055150648
7.00855280068237;-1.18785481502234
7.05100517533107;-1.12754963680971
7.09166393157889;-1.06575600492901
7.13047768485697;-1.00252670041347
7.16739658480243;-0.93791625531911
7.20237237426554;-0.871980908774066
7.23535844708014;-0.80477856105858
7.26630990453189;-0.736368725750131
7.29518361046032;-0.666812479969649
7.32193824493127;-0.596172412767182
7.34653435641772;-0.524512571687375
7.36893441242768;-0.451898407557229
7.38910284851956;-0.378396717540525
7.40700611564601;-0.304075586505541
7.42261272576923;-0.229004326754294
7.43589329569162;-0.153253416163834
7.44682058904728;-0.0768944347917495
7.45536955640152;-9.02088140391292e-16
7.46151737340668;0.077356299847008
7.46524347696485;0.155099973052472
7.466529599349;0.233155693565962
7.46535980023651;0.311447371209897
7.46172049661037;0.38989822309107
7.45560049048541;0.468430846133009
7.44699099441887;0.546967290663442
7.43588565476643;0.625429134989785
7.42228057264703;0.703737560893928
7.40617432258166;0.78181342997665
7.3875679687736;0.859577360780333
7.36646507899975;0.936949806617712
7.34287173608464;1.01385113403313
7.31679654693132;1.09020170182176
7.28825064908536;1.16592194053113
7.25724771481058;1.24093243236862
7.22380395265751;1.31515399143728
7.18793810650791;1.38850774422212
7.14967145208127;1.46091521024773
7.10902779089138;1.53229838282778
7.06603344164376;1.60257980982638
7.02071722906719;1.67168267435053
6.97311047017509;1.73953087529283
6.92324695795492;1.80604910764302
6.87116294248662;1.87116294248662
6.81689710949339;1.9347989066092
6.7604905563308;1.99688456162408
6.70198676542296;2.05734858254166
6.6414315751567;2.11612083569874
6.57887314824789;2.1731324559658
6.51436193759604;2.22831592315112
6.4479506496463;2.28160513752037
6.37969420528051;2.33293549435103
6.30964969826152;2.38224395744138
6.23787635125746;2.42946913149429
6.16443546947565;2.47455133329683
6.08939039193761;2.51743266161735
6.01280644043033;2.55805706574241
5.93475086617014;2.59637041257715
5.85529279421925;2.6323205522332
5.77450316569668;2.66585738202976
5.69245467782821;2.69693290883416
5.6092217218821;2.72550130966995
5.52488031904006;2.75151899052123
5.43950805425494;2.774944643264
5.35318400814924;2.79573930065611
5.26598868701064;2.81386638931944
5.17800395094303;2.82929178064927
5.08931294023378;2.8419838395874
5;2.85191347119776
4.91015060317885;2.85905416498448
4.81985127192869;2.8633820368948
4.72918949751021;2.86487586895092
4.63825365871833;2.86351714645687
4.54713293893766;2.8592900927288
4.4559172418961;2.85218170129905
4.36469710619295;2.84218176554666
4.27356361867946;2.82928290570927
4.18260832677154;2.81348059323378
4.0919231497757;2.79477317242531
4.00160028931092;2.77316187935673
3.91173213891056;2.74865085800341
3.82241119288953;2.72124717357034
3.73372995456339;2.69096082298148
3.64578084390729;2.65780474250387
3.55865610474338;2.62179481248157
3.47244771154679;2.58294985915745
3.38724727596079;2.5412916535634
3.30314595311293;2.4968449074626
3.22023434782438;2.44963726633011
3.1386024208056;2.39969929936095
3.05833939493197;2.34706448649792
2.9795336616934;2.29176920247419
2.90227268791242;2.23385269786852
2.82664292282567;2.17335707717434
2.75272970562351;2.1103272738864
2.68061717354319;2.04481102261221
2.61038817061039;1.976858828218
2.54212415712438;1.90652393202241
2.47590511998167;1.83386227505391
2.41180948393254;1.75893245839082
2.34991402386504;1.68179570060637
2.29029377820993;1.60251579234354
2.23302196355995;1.52115904804814
2.17816989059602;1.43779425489098
2.12580688141203;1.35249261891355
2.0760001883294;1.26532770843406
2.02881491429129;1.17637539475414
1.98431393492556;1.08571379020897
1.94255782236432;0.993423183607063
1.90360477090667;0.899585973108191
1.86751052461002;0.804286596591345
1.83432830689385;0.707611459567078
1.80410875223836;0.609648860691562
1.77689984005872;0.510488914942222
1.75274683083415;0.410223474517876
1.73169220456912;0.308946047528421
1.71377560166211;0.206751714542254
1.69903376625548;0.103737043061775
1.68750049213803;1.62265676779214e-15
5.99950656036573;5.03141075907813
5.99802672842827;5.06279051952931
5.99556196460308;5.09410831331851
5.99211470131448;5.1253332335643
5.98768834059514;5.15643446504023
5.98228725072869;5.18738131458572
5.97591676193875;5.21814324139654
5.96858316112863;5.24868988716486
5.96029368567694;5.27899110603923
5.95105651629515;5.30901699437495
5.94088076895423;5.33873792024529
5.92977648588825;5.36812455268468
5.91775462568398;5.39714789063478
5.90482705246602;5.42577929156507
5.89100652418837;5.45399049973955
5.87630668004386;5.48175367410172
5.86074202700394;5.50904141575037
5.84432792550202;5.535826794979
5.82708057427456;5.56208337785213
5.80901699437495;5.58778525229247
5.79015501237569;5.61290705365298
5.77051324277579;5.63742398974869
5.75011106963046;5.66131186532365
5.72896862742141;5.68454710592869
5.70710678118655;5.70710678118655
5.68454710592869;5.72896862742141
5.66131186532365;5.75011106963046
5.63742398974869;5.77051324277579
5.61290705365298;5.79015501237569
5.58778525229247;5.80901699437495
5.56208337785213;5.82708057427456
5.535826794979;5.84432792550202
5.50904141575037;5.86074202700394
5.48175367410172;5.87630668004386
5.45399049973955;5.89100652418837
5.42577929156507;5.90482705246602
5.39714789063478;5.91775462568398
5.36812455268468;5.92977648588825
5.33873792024529;5.94088076895423
5.30901699437495;5.95105651629515
5.27899110603923;5.96029368567694
5.24868988716486;5.96858316112863
5.21814324139654;5.97591676193875
5.18738131458572;5.98228725072869
5.15643446504023;5.98768834059514
5.1253332335643;5.99211470131448
5.09410831331851;5.99556196460308
5.06279051952931;5.99802672842827
5.03141075907813;5.99950656036573
5;6
4.96858924092187;5.99950656036573
4.93720948047069;5.99802672842827
4.90589168668149;5.99556196460308
4.8746667664357;5.99211470131448
4.84356553495977;5.98768834059514
4.81261868541428;5.98228725072869
4.78185675860346;5.97591676193875
4.75131011283515;5.96858316112863
4.72100889396077;5.96029368567694
4.69098300562505;5.95105651629515
4.66126207975471;5.94088076895423
4.63187544731532;5.92977648588825
4.60285210936522;5.91775462568398
4.57422070843493;5.90482705246602
4.54600950026045;5.89100652418837
4.51824632589828;5.87630668004386
4.49095858424963;5.86074202700394
4.464173205021;5.84432792550202
4.43791662214787;5.82708057427456
4.41221474770753;5.80901699437495
4.38709294634702;5.79015501237569
4.36257601025131;5.77051324277579
4.33868813467635;5.75011106963046
4.31545289407131;5.72896862742141
4.29289321881345;5.70710678118655
4.27103137257859;5.68454710592869
4.24988893036954;5.66131186532365
4.22948675722421;5.63742398974869
4.20984498762431;5.61290705365298
4.19098300562505;5.58778525229247
4.17291942572544;5.56208337785213
4.15567207449799;5.535826794979
4.13925797299606;5.50904141575037
4.12369331995614;5.48175367410172
4.10899347581163;5.45399049973955
4.09517294753398;5.42577929156507
4.08224537431602;5.39714789063478
4.07022351411175;5.36812455268468
4.05911923104577;5.33873792024529
4.04894348370485;5.30901699437495
4.03970631432306;5.27899110603923
4.03141683887137;5.24868988716486
4.02408323806125;5.21814324139654
4.01771274927131;5.18738131458572
4.01231165940486;5.15643446504023
4.00788529868552;5.1253332335643
4.00443803539692;5.09410831331851
4.00197327157173;5.06279051952931
4.00049343963427;5.03141075907813
4;5
4.00049343963427;4.96858924092187
4.00197327157173;4.93720948047069
4.00443803539692;4.90589168668149
4.00788529868552;4.8746667664357
4.01231165940486;4.84356553495977
4.01771274927131;4.81261868541428
4.02408323806125;4.78185675860346
4.03141683887137;4.75131011283514
4.03970631432306;4.72100889396077
4.04894348370485;4.69098300562505
4.05911923104577;4.66126207975471
4.07022351411175;4.63187544731532
4.08224537431602;4.60285210936522
4.09517294753398;4.57422070843493
4.10899347581163;4.54600950026045
4.12369331995614;4.51824632589828
4.13925797299606;4.49095858424963
4.15567207449798;4.464173205021
4.17291942572544;4.43791662214787
4.19098300562505;4.41221474770753
4.20984498762431;4.38709294634702
4.22948675722421;4.36257601025131
4.24988893036954;4.33868813467635
4.27103137257859;4.31545289407131
4.29289321881345;4.29289321881345
4.31545289407131;4.27103137257859
4.33868813467635;4.24988893036954
4.36257601025131;4.22948675722421
4.38709294634702;4.20984498762431
4.41221474770753;4.19098300562505
4.43791662214787;4.17291942572544
4.464173205021;4.15567207449798
4.49095858424963;4.13925797299606
4.51824632589828;4.12369331995614
4.54600950026045;4.10899347581163
4.57422070843493;4.09517294753398
4.60285210936522;4.08224537431602
4.63187544731532;4.07022351411175
4.66126207975471;4.05911923104578
4.69098300562505;4.04894348370485
4.72100889396077;4.03970631432306
4.75131011283514;4.03141683887137
4.78185675860346;4.02408323806125
4.81261868541428;4.01771274927131
4.84356553495977;4.01231165940486
4.8746667664357;4.00788529868552
4.90589168668149;4.00443803539692
4.93720948047069;4.00197327157173
4.96858924092187;4.00049343963427
5;4
5.03141075907813;4.00049343963427
5.06279051952931;4.00197327157173
5.09410831331851;4.00443803539692
5.1253332335643;4.00788529868552
5.15643446504023;4.01231165940486
5.18738131458572;4.01771274927131
5.21814324139654;4.02408323806125
5.24868988716486;4.03141683887137
5.27899110603923;4.03970631432306
5.30901699437495;4.04894348370485
5.33873792024529;4.05911923104577
5.36812455268468;4.07022351411175
5.39714789063478;4.08224537431602
5.42577929156507;4.09517294753398
5.45399049973955;4.10899347581163
5.48175367410172;4.12369331995614
5.50904141575037;4.13925797299606
5.535826794979;4.15567207449798
5.56208337785213;4.17291942572544
5.58778525229247;4.19098300562505
5.61290705365298;4.20984498762431
5.63742398974869;4.22948675722421
5.66131186532365;4.24988893036954
5.68454710592869;4.27103137257859
5.70710678118655;4.29289321881345
5.72896862742141;4.31545289407131
5.75011106963046;4.33868813467635
5.77051324277579;4.36257601025131
5.79015501237569;4.38709294634702
5.80901699437495;4.41221474770753
5.82708057427456;4.43791662214787
5.84432792550202;4.464173205021
5.86074202700394;4.49095858424963
5.87630668004386;4.51824632589828
5.89100652418837;4.54600950026045
5.90482705246602;4.57422070843493
5.91775462568398;4.60285210936522
5.92977648588825;4.63187544731532
5.94088076895422;4.66126207975471
5.95105651629515;4.69098300562505
5.96029368567694;4.72100889396077
5.96858316112863;4.75131011283514
5.97591676193875;4.78185675860346
5.98228725072869;4.81261868541428
5.98768834059514;4.84356553495977
5.99211470131448;4.8746667664357
5.99556196460308;4.90589168668149
5.99802672842827;4.93720948047069
5.99950656036573;4.96858924092187
6;5
5.99950656036573;5.03141075907813
5.99802672842827;5.06279051952931
5.99556196460308;5.09410831331851
5.99211470131448;5.1253332335643
5.98768834059514;5.15643446504023
5.98228725072869;5.18738131458572
5.97591676193875;5.21814324139654
5.96858316112863;5.24868988716486
5.96029368567694;5.27899110603923
5.95105651629515;5.30901699437495
5.94088076895423;5.33873792024529
5.92977648588825;5.36812455268468
5.91775462568398;5.39714789063478
5.90482705246602;5.42577929156507
5.89100652418837;5.45399049973955
5.87630668004386;5.48175367410172
5.86074202700394;5.50904141575037
5.84432792550202;5.535826794979
5.82708057427456;5.56208337785213
5.80901699437495;5.58778525229247
5.79015501237569;5.61290705365298
5.77051324277579;5.63742398974869
5.75011106963046;5.66131186532365
5.72896862742141;5.68454710592869
5.70710678118655;5.70710678118655
5.68454710592869;5.72896862742141
5.66131186532365;5.75011106963046
5.63742398974869;5.77051324277579
5.61290705365298;5.79015501237569
5.58778525229247;5.80901699437495
5.56208337785213;5.82708057427456
5.535826794979;5.84432792550201
5.50904141575037;5.86074202700394
5.48175367410172;5.87630668004386
5.45399049973955;5.89100652418837
5.42577929156507;5.90482705246602
5.39714789063478;5.91775462568398
5.36812455268468;5.92977648588825
5.33873792024529;5.94088076895423
5.30901699437495;5.95105651629515
5.27899110603923;5.96029368567694
5.24868988716486;5.96858316112863
5.21814324139654;5.97591676193875
5.18738131458572;5.98228725072869
5.15643446504023;5.98768834059514
5.12533323356431;5.99211470131448
5.09410831331851;5.99556196460308
5.06279051952931;5.99802672842827
5.03141075907813;5.99950656036573
5;6
4.96858924092187;5.99950656036573
4.93720948047069;5.99802672842827
4.90589168668149;5.99556196460308
4.8746667664357;5.99211470131448
4.84356553495977;5.98768834059514
4.81261868541428;5.98228725072869
4.78185675860346;5.97591676193875
4.75131011283514;5.96858316112863
4.72100889396077;5.96029368567694
4.69098300562505;5.95105651629515
4.66126207975471;5.94088076895423
4.63187544731532;5.92977648588825
4.60285210936522;5.91775462568398
4.57422070843493;5.90482705246602
4.54600950026045;5.89100652418837
4.51824632589828;5.87630668004386
4.49095858424963;5.86074202700394
4.464173205021;5.84432792550202
4.43791662214787;5.82708057427456
4.41221474770753;5.80901699437495
4.38709294634702;5.79015501237569
4.36257601025131;5.77051324277579
4.33868813467635;5.75011106963046
4.31545289407131;5.72896862742141
4.29289321881345;5.70710678118655
4.27103137257859;5.68454710592869
4.24988893036954;5.66131186532365
4.22948675722421;5.63742398974869
4.20984498762431;5.61290705365298
4.19098300562505;5.58778525229247
4.17291942572544;5.56208337785213
4.15567207449799;5.535826794979
4.13925797299606;5.50904141575037
4.12369331995614;5.48175367410172
4.10899347581163;5.45399049973955
4.09517294753398;5.42577929156507
4.08224537431602;5.39714789063478
4.07022351411175;5.36812455268468
4.05911923104577;5.33873792024529
4.04894348370485;5.30901699437495
4.03970631432306;5.27899110603923
4.03141683887137;5.24868988716486
4.02408323806125;5.21814324139654
4.01771274927131;5.18738131458573
4.01231165940486;5.15643446504023
4.00788529868552;5.1253332335643
4.00443803539692;5.09410831331851
4.00197327157173;5.06279051952931
4.00049343963427;5.03141075907813
4;5
4.00049343963427;4.96858924092187
4.00197327157173;4.93720948047069
4.00443803539692;4.90589168668149
4.00788529868552;4.8746667664357
4.01231165940486;4.84356553495977
4.01771274927131;4.81261868541428
4.02408323806125;4.78185675860346
4.03141683887137;4.75131011283514
4.03970631432306;4.72100889396077
4.04894348370485;4.69098300562505
4.05911923104577;4.66126207975471
4.07022351411175;4.63187544731532
4.08224537431602;4.60285210936522
4.09517294753398;4.57422070843493
4.10899347581163;4.54600950026045
4.12369331995614;4.51824632589828
4.13925797299606;4.49095858424963
4.15567207449798;4.464173205021
4.17291942572544;4.43791662214787
4.19098300562505;4.41221474770753
4.20984498762431;4.38709294634702
4.22948675722421;4.36257601025131
4.24988893036954;4.33868813467635
4.27103137257859;4.31545289407131
4.29289321881345;4.29289321881345
4.31545289407131;4.27103137257859
4.33868813467635;4.24988893036954
4.36257601025131;4.22948675722421
4.38709294634702;4.20984498762431
4.41221474770753;4.19098300562505
4.43791662214787;4.17291942572544
4.464173205021;4.15567207449799
4.49095858424963;4.13925797299606
4.51824632589828;4.12369331995614
4.54600950026045;4.10899347581163
4.57422070843493;4.09517294753398
4.60285210936522;4.08224537431602
4.63187544731532;4.07022351411175
4.66126207975471;4.05911923104577
4.69098300562505;4.04894348370485
4.72100889396077;4.03970631432306
4.75131011283514;4.03141683887137
4.78185675860346;4.02408323806125
4.81261868541427;4.01771274927131
4.84356553495977;4.01231165940486
4.8746667664357;4.00788529868552
4.90589168668149;4.00443803539692
4.93720948047069;4.00197327157173
4.96858924092187;4.00049343963427
5;4
5.03141075907813;4.00049343963427
5.06279051952931;4.00197327157173
5.09410831331851;4.00443803539692
5.1253332335643;4.00788529868552
5.15643446504023;4.01231165940486
5.18738131458572;4.01771274927131
5.21814324139654;4.02408323806125
5.24868988716486;4.03141683887137
5.27899110603923;4.03970631432306
5.30901699437495;4.04894348370485
5.33873792024529;4.05911923104577
5.36812455268468;4.07022351411175
5.39714789063478;4.08224537431602
5.42577929156507;4.09517294753398
5.45399049973955;4.10899347581163
5.48175367410172;4.12369331995614
5.50904141575037;4.13925797299606
5.535826794979;4.15567207449798
5.56208337785213;4.17291942572544
5.58778525229247;4.19098300562505
5.61290705365298;4.20984498762431
5.63742398974869;4.22948675722421
5.66131186532365;4.24988893036954
5.68454710592869;4.27103137257859
5.70710678118655;4.29289321881345
5.72896862742141;4.31545289407131
5.75011106963046;4.33868813467635
5.77051324277579;4.36257601025131
5.79015501237569;4.38709294634702
5.80901699437495;4.41221474770753
5.82708057427456;4.43791662214787
5.84432792550201;4.464173205021
5.86074202700394;4.49095858424963
5.87630668004386;4.51824632589828
5.89100652418837;4.54600950026045
5.90482705246602;4.57422070843493
5.91775462568398;4.60285210936522
5.92977648588825;4.63187544731532
5.94088076895423;4.66126207975471
5.95105651629515;4.69098300562505
5.96029368567694;4.72100889396077
5.96858316112863;4.75131011283514
5.97591676193875;4.78185675860346
5.98228725072869;4.81261868541427
5.98768834059514;4.84356553495977
5.99211470131448;4.8746667664357
5.99556196460308;4.90589168668149
5.99802672842827;4.93720948047069
5.99950656036573;4.96858924092187
6;5
5.49975328018287;5.01570537953906
5.49901336421414;5.03139525976466
5.49778098230154;5.04705415665926
5.49605735065724;5.06266661678215
5.49384417029757;5.07821723252012
5.49114362536434;5.09369065729286
5.48795838096937;5.10907162069827
5.48429158056432;5.12434494358243
5.48014684283847;5.13949555301961
5.47552825814758;5.15450849718747
5.47044038447711;5.16936896012265
5.46488824294413;5.18406227634234
5.45887731284199;5.19857394531739
5.45241352623301;5.21288964578254
5.44550326209418;5.22699524986977
5.43815334002193;5.24087683705086
5.43037101350197;5.25452070787519
5.42216396275101;5.2679133974895
5.41354028713728;5.28104168892607
5.40450849718747;5.29389262614624
5.39507750618785;5.30645352682649
5.38525662138789;5.31871199487435
5.37505553481523;5.33065593266183
5.36448431371071;5.34227355296434
5.35355339059327;5.35355339059327
5.34227355296434;5.36448431371071
5.33065593266183;5.37505553481523
5.31871199487435;5.38525662138789
5.30645352682649;5.39507750618785
5.29389262614624;5.40450849718747
5.28104168892607;5.41354028713728
5.2679133974895;5.42216396275101
5.25452070787519;5.43037101350197
5.24087683705086;5.43815334002193
5.22699524986977;5.44550326209418
5.21288964578254;5.45241352623301
5.19857394531739;5.45887731284199
5.18406227634234;5.46488824294413
5.16936896012265;5.47044038447711
5.15450849718747;5.47552825814758
5.13949555301962;5.48014684283847
5.12434494358243;5.48429158056432
5.10907162069827;5.48795838096937
5.09369065729286;5.49114362536434
5.07821723252012;5.49384417029757
5.06266661678215;5.49605735065724
5.04705415665926;5.49778098230154
5.03139525976466;5.49901336421414
5.01570537953906;5.49975328018287
5;5.5
4.98429462046094;5.49975328018287
4.96860474023534;5.49901336421414
4.95294584334074;5.49778098230154
4.93733338321785;5.49605735065724
4.92178276747988;5.49384417029757
4.90630934270714;5.49114362536434
4.89092837930173;5.48795838096937
4.87565505641757;5.48429158056432
4.86050444698039;5.48014684283847
4.84549150281253;5.47552825814758
4.83063103987735;5.47044038447711
4.81593772365766;5.46488824294413
4.80142605468261;5.45887731284199
4.78711035421746;5.45241352623301
4.77300475013023;5.44550326209418
4.75912316294914;5.43815334002193
4.74547929212481;5.43037101350197
4.7320866025105;5.42216396275101
4.71895831107394;5.41354028713728
4.70610737385376;5.40450849718747
4.69354647317351;5.39507750618785
4.68128800512565;5.38525662138789
4.66934406733817;5.37505553481523
4.65772644703566;5.36448431371071
4.64644660940673;5.35355339059327
4.63551568628929;5.34227355296434
4.62494446518477;5.33065593266183
4.61474337861211;5.31871199487435
4.60492249381215;5.30645352682649
4.59549150281253;5.29389262614624
4.58645971286272;5.28104168892607
4.57783603724899;5.2679133974895
4.56962898649803;5.25452070787519
4.56184665997807;5.24087683705086
4.55449673790582;5.22699524986977
4.54758647376699;5.21288964578254
4.54112268715801;5.19857394531739
4.53511175705587;5.18406227634234
4.52955961552289;5.16936896012265
4.52447174185242;5.15450849718747
4.51985315716153;5.13949555301961
4.51570841943568;5.12434494358243
4.51204161903063;5.10907162069827
4.50885637463566;5.09369065729286
4.50615582970243;5.07821723252012
4.50394264934276;5.06266661678215
4.50221901769846;5.04705415665926
4.50098663578586;5.03139525976466
4.50024671981713;5.01570537953906
4.5;5
4.50024671981713;4.98429462046094
4.50098663578586;4.96860474023534
4.50221901769846;4.95294584334074
4.50394264934276;4.93733338321785
4.50615582970243;4.92178276747988
4.50885637463566;4.90630934270714
4.51204161903063;4.89092837930173
4.51570841943568;4.87565505641757
4.51985315716153;4.86050444698039
4.52447174185242;4.84549150281253
4.52955961552289;4.83063103987735
4.53511175705587;4.81593772365766
4.54112268715801;4.80142605468261
4.54758647376699;4.78711035421746
4.55449673790582;4.77300475013023
4.56184665997807;4.75912316294914
4.56962898649803;4.74547929212481
4.57783603724899;4.7320866025105
4.58645971286272;4.71895831107394
4.59549150281253;4.70610737385376
4.60492249381215;4.69354647317351
4.61474337861211;4.68128800512565
4.62494446518477;4.66934406733817
4.63551568628929;4.65772644703566
4.64644660940673;4.64644660940673
4.65772644703566;4.63551568628929
4.66934406733817;4.62494446518477
4.68128800512565;4.61474337861211
4.69354647317351;4.60492249381215
4.70610737385376;4.59549150281253
4.71895831107393;4.58645971286272
4.7320866025105;4.57783603724899
4.74547929212481;4.56962898649803
4.75912316294914;4.56184665997807
4.77300475013023;4.55449673790582
4.78711035421746;4.54758647376699
4.80142605468261;4.54112268715801
4.81593772365766;4.53511175705587
4.83063103987735;4.52955961552289
4.84549150281253;4.52447174185242
4.86050444698038;4.51985315716153
4.87565505641757;4.51570841943568
4.89092837930173;4.51204161903063
4.90630934270714;4.50885637463566
4.92178276747988;4.50615582970243
4.93733338321785;4.50394264934276
4.95294584334074;4.50221901769846
4.96860474023534;4.50098663578586
4.98429462046094;4.50024671981713
5;4.5
5.01570537953906;4.50024671981713
5.03139525976466;4.50098663578586
5.04705415665926;4.50221901769846
5.06266661678215;4.50394264934276
5.07821723252012;4.50615582970243
5.09369065729286;4.50885637463566
5.10907162069827;4.51204161903063
5.12434494358243;4.51570841943568
5.13949555301961;4.51985315716153
5.15450849718747;4.52447174185242
5.16936896012265;4.52955961552289
5.18406227634234;4.53511175705587
5.19857394531739;4.54112268715801
5.21288964578254;4.54758647376699
5.22699524986977;4.55449673790582
5.24087683705086;4.56184665997807
5.25452070787519;4.56962898649803
5.2679133974895;4.57783603724899
5.28104168892607;4.58645971286272
5.29389262614624;4.59549150281253
5.30645352682649;4.60492249381215
5.31871199487435;4.61474337861211
5.33065593266183;4.62494446518477
5.34227355296434;4.63551568628929
5.35355339059327;4.64644660940673
5.36448431371071;4.65772644703566
5.37505553481523;4.66934406733817
5.38525662138789;4.68128800512565
5.39507750618785;4.69354647317351
5.40450849718747;4.70610737385376
5.41354028713728;4.71895831107393
5.42216396275101;4.7320866025105
5.43037101350197;4.74547929212481
5.43815334002193;4.75912316294914
5.44550326209418;4.77300475013023
5.45241352623301;4.78711035421746
5.45887731284199;4.80142605468261
5.46488824294413;4.81593772365766
5.47044038447711;4.83063103987735
5.47552825814758;4.84549150281253
5.48014684283847;4.86050444698038
5.48429158056432;4.87565505641757
5.48795838096937;4.89092837930173
5.49114362536434;4.90630934270714
5.49384417029757;4.92178276747988
5.49605735065724;4.93733338321785
5.49778098230154;4.95294584334074
5.49901336421414;4.96860474023534
5.49975328018287;4.98429462046094
5.5;5
5.49975328018287;5.01570537953906
5.49901336421414;5.03139525976466
5.49778098230154;5.04705415665926
5.49605735065724;5.06266661678215
5.49384417029757;5.07821723252011
5.49114362536434;5.09369065729286
5.48795838096937;5.10907162069827
5.48429158056432;5.12434494358243
5.48014684283847;5.13949555301961
5.47552825814758;5.15450849718747
5.47044038447711;5.16936896012265
5.46488824294413;5.18406227634234
5.45887731284199;5.19857394531739
5.45241352623301;5.21288964578254
5.44550326209418;5.22699524986977
5.43815334002193;5.24087683705086
5.43037101350197;5.25452070787519
5.42216396275101;5.2679133974895
5.41354028713728;5.28104168892607
5.40450849718747;5.29389262614624
5.39507750618785;5.30645352682649
5.38525662138789;5.31871199487435
5.37505553481523;5.33065593266183
5.36448431371071;5.34227355296435
5.35355339059327;5.35355339059327
5.34227355296435;5.36448431371071
5.33065593266183;5.37505553481523
5.31871199487435;5.38525662138789
5.30645352682649;5.39507750618785
5.29389262614624;5.40450849718747
5.28104168892607;5.41354028713728
5.2679133974895;5.42216396275101
5.25452070787519;5.43037101350197
5.24087683705086;5.43815334002193
5.22699524986977;5.44550326209418
5.21288964578254;5.45241352623301
5.19857394531739;5.45887731284199
5.18406227634234;5.46488824294413
5.16936896012265;5.47044038447711
5.15450849718747;5.47552825814758
5.13949555301961;5.48014684283847
5.12434494358243;5.48429158056432
5.10907162069827;5.48795838096937
5.09369065729286;5.49114362536434
5.07821723252012;5.49384417029757
5.06266661678215;5.49605735065724
5.04705415665926;5.49778098230154
5.03139525976466;5.49901336421414
5.01570537953906;5.49975328018287
5;5.5
4.98429462046094;5.49975328018287
4.96860474023534;5.49901336421414
4.95294584334074;5.49778098230154
4.93733338321785;5.49605735065724
4.92178276747989;5.49384417029757
4.90630934270714;5.49114362536434
4.89092837930173;5.48795838096937
4.87565505641757;5.48429158056432
4.86050444698039;5.48014684283847
4.84549150281253;5.47552825814758
4.83063103987735;5.47044038447711
4.81593772365766;5.46488824294413
4.80142605468261;5.45887731284199
4.78711035421746;5.45241352623301
4.77300475013023;5.44550326209418
4.75912316294914;5.43815334002193
4.74547929212481;5.43037101350197
4.7320866025105;5.42216396275101
4.71895831107393;5.41354028713728
4.70610737385376;5.40450849718747
4.69354647317351;5.39507750618785
4.68128800512565;5.38525662138789
4.66934406733817;5.37505553481523
4.65772644703565;5.36448431371071
4.64644660940673;5.35355339059327
4.63551568628929;5.34227355296435
4.62494446518477;5.33065593266183
4.61474337861211;5.31871199487435
4.60492249381215;5.30645352682649
4.59549150281253;5.29389262614624
4.58645971286272;5.28104168892607
4.57783603724899;5.2679133974895
4.56962898649803;5.25452070787519
4.56184665997807;5.24087683705086
4.55449673790582;5.22699524986977
4.54758647376699;5.21288964578254
4.54112268715801;5.19857394531739
4.53511175705587;5.18406227634234
4.52955961552289;5.16936896012265
4.52447174185242;5.15450849718747
4.51985315716153;5.13949555301962
4.51570841943568;5.12434494358243
4.51204161903063;5.10907162069827
4.50885637463566;5.09369065729286
4.50615582970243;5.07821723252012
4.50394264934276;5.06266661678215
4.50221901769846;5.04705415665926
4.50098663578586;5.03139525976466
4.50024671981713;5.01570537953906
4.5;5
4.50024671981713;4.98429462046094
4.50098663578586;4.96860474023534
4.50221901769846;4.95294584334074
4.50394264934276;4.93733338321785
4.50615582970243;4.92178276747989
4.50885637463566;4.90630934270714
4.51204161903063;4.89092837930173
4.51570841943568;4.87565505641757
4.51985315716153;4.86050444698039
4.52447174185242;4.84549150281253
4.52955961552289;4.83063103987735
4.53511175705587;4.81593772365766
4.54112268715801;4.80142605468261
4.54758647376699;4.78711035421746
4.55449673790582;4.77300475013023
4.56184665997807;4.75912316294914
4.56962898649803;4.74547929212481
4.57783603724899;4.7320866025105
4.58645971286272;4.71895831107393
4.59549150281253;4.70610737385376
4.60492249381215;4.69354647317351
4.61474337861211;4.68128800512565
4.62494446518477;4.66934406733817
4.63551568628929;4.65772644703565
4.64644660940673;4.64644660940673
4.65772644703565;4.63551568628929
4.66934406733817;4.62494446518477
4.68128800512565;4.61474337861211
4.69354647317351;4.60492249381215
4.70610737385376;4.59549150281253
4.71895831107393;4.58645971286272
4.7320866025105;4.57783603724899
4.74547929212481;4.56962898649803
4.75912316294914;4.56184665997807
4.77300475013023;4.55449673790582
4.78711035421746;4.54758647376699
4.80142605468261;4.54112268715801
4.81593772365766;4.53511175705587
4.83063103987735;4.52955961552289
4.84549150281253;4.52447174185242
4.86050444698038;4.51985315716153
4.87565505641757;4.51570841943568
4.89092837930173;4.51204161903063
4.90630934270714;4.50885637463566
4.92178276747988;4.50615582970243
4.93733338321785;4.50394264934276
4.95294584334074;4.50221901769846
4.96860474023534;4.50098663578586
4.98429462046094;4.50024671981713
5;4.5
5.01570537953906;4.50024671981713
5.03139525976466;4.50098663578586
5.04705415665926;4.50221901769846
5.06266661678215;4.50394264934276
5.07821723252011;4.50615582970243
5.09369065729286;4.50885637463566
5.10907162069827;4.51204161903063
5.12434494358243;4.51570841943568
5.13949555301961;4.51985315716153
5.15450849718747;4.52447174185242
5.16936896012265;4.52955961552289
5.18406227634234;4.53511175705587
5.19857394531739;4.54112268715801
5.21288964578254;4.54758647376699
5.22699524986977;4.55449673790582
5.24087683705086;4.56184665997807
5.25452070787519;4.56962898649803
5.2679133974895;4.57783603724899
5.28104168892606;4.58645971286272
5.29389262614624;4.59549150281253
5.30645352682649;4.60492249381215
5.31871199487435;4.61474337861211
5.33065593266183;4.62494446518477
5.34227355296435;4.63551568628929
5.35355339059327;4.64644660940673
5.36448431371071;4.65772644703565
5.37505553481523;4.66934406733817
5.38525662138789;4.68128800512565
5.39507750618785;4.69354647317351
5.40450849718747;4.70610737385376
5.41354028713728;4.71895831107393
5.42216396275101;4.7320866025105
5.43037101350197;4.74547929212481
5.43815334002193;4.75912316294914
5.44550326209418;4.77300475013023
5.45241352623301;4.78711035421746
5.45887731284199;4.80142605468261
5.46488824294413;4.81593772365766
5.47044038447711;4.83063103987735
5.47552825814758;4.84549150281253
5.48014684283847;4.86050444698038
5.48429158056432;4.87565505641757
5.48795838096937;4.89092837930173
5.49114362536434;4.90630934270714
5.49384417029757;4.92178276747988
5.49605735065724;4.93733338321785
5.49778098230154;4.95294584334074
5.49901336421414;4.96860474023534
5.49975328018287;4.98429462046094
5.5;5
6.4992598405486;5.04711613861719
6.49704009264241;5.09418577929397
6.49334294690462;5.14116246997777
6.48817205197172;5.18799985034646
6.48153251089271;5.23465169756035
6.47343087609303;5.28107197187859
6.46387514290812;5.32721486209481
6.45287474169295;5.37303483074728
6.44044052851542;5.41848665905884
6.42658477444273;5.46352549156242
6.41132115343134;5.50810688036794
6.39466472883238;5.55218682902702
6.37663193852597;5.59572183595217
6.35724057869903;5.63866893734761
6.33650978628255;5.68098574960932
6.3144600200658;5.72263051115257
6.29111304050592;5.76356212362556
6.26649188825302;5.80374019246849
6.24062086141184;5.8431250667782
6.21352549156242;5.88167787843871
6.18523251856354;5.91936058047946
6.15576986416368;5.95613598462303
6.12516660444569;5.99196779798548
6.09345294113212;6.02682065889303
6.06066017177982;6.06066017177982
6.02682065889303;6.09345294113212
5.99196779798548;6.12516660444569
5.95613598462303;6.15576986416368
5.91936058047946;6.18523251856354
5.88167787843871;6.21352549156242
5.8431250667782;6.24062086141184
5.80374019246849;6.26649188825302
5.76356212362556;6.29111304050592
5.72263051115257;6.3144600200658
5.68098574960932;6.33650978628255
5.63866893734761;6.35724057869903
5.59572183595217;6.37663193852597
5.55218682902702;6.39466472883238
5.50810688036794;6.41132115343134
5.46352549156242;6.42658477444273
5.41848665905884;6.44044052851541
5.37303483074728;6.45287474169295
5.32721486209481;6.46387514290812
5.28107197187859;6.47343087609303
5.23465169756035;6.48153251089271
5.18799985034646;6.48817205197172
5.14116246997777;6.49334294690462
5.09418577929397;6.49704009264241
5.04711613861719;6.4992598405486
5;6.5
4.95288386138281;6.4992598405486
4.90581422070603;6.49704009264241
4.85883753002223;6.49334294690462
4.81200014965354;6.48817205197172
4.76534830243965;6.48153251089271
4.71892802812141;6.47343087609303
4.67278513790519;6.46387514290812
4.62696516925272;6.45287474169295
4.58151334094116;6.44044052851542
4.53647450843758;6.42658477444273
4.49189311963206;6.41132115343134
4.44781317097298;6.39466472883238
4.40427816404783;6.37663193852597
4.36133106265239;6.35724057869903
4.31901425039068;6.33650978628255
4.27736948884743;6.31446002006579
4.23643787637444;6.29111304050592
4.1962598075315;6.26649188825302
4.1568749332218;6.24062086141184
4.11832212156129;6.21352549156242
4.08063941952054;6.18523251856354
4.04386401537697;6.15576986416368
4.00803220201452;6.12516660444569
3.97317934110697;6.09345294113212
3.93933982822018;6.06066017177982
3.90654705886788;6.02682065889303
3.87483339555431;5.99196779798548
3.84423013583632;5.95613598462304
3.81476748143646;5.91936058047946
3.78647450843758;5.88167787843871
3.75937913858816;5.8431250667782
3.73350811174698;5.8037401924685
3.70888695949408;5.76356212362556
3.68553997993421;5.72263051115257
3.66349021371745;5.68098574960932
3.64275942130097;5.63866893734761
3.62336806147403;5.59572183595217
3.60533527116762;5.55218682902702
3.58867884656866;5.50810688036794
3.57341522555727;5.46352549156242
3.55955947148459;5.41848665905884
3.54712525830705;5.37303483074728
3.53612485709188;5.32721486209481
3.52656912390697;5.28107197187859
3.51846748910729;5.23465169756035
3.51182794802828;5.18799985034646
3.50665705309538;5.14116246997777
3.50295990735759;5.09418577929397
3.5007401594514;5.04711613861719
3.5;5
3.5007401594514;4.95288386138281
3.50295990735759;4.90581422070603
3.50665705309538;4.85883753002223
3.51182794802828;4.81200014965354
3.51846748910729;4.76534830243965
3.52656912390697;4.71892802812141
3.53612485709188;4.67278513790519
3.54712525830705;4.62696516925272
3.55955947148459;4.58151334094116
3.57341522555727;4.53647450843758
3.58867884656866;4.49189311963206
3.60533527116762;4.44781317097298
3.62336806147403;4.40427816404783
3.64275942130097;4.36133106265239
3.66349021371745;4.31901425039068
3.6855399799342;4.27736948884743
3.70888695949408;4.23643787637444
3.73350811174698;4.19625980753151
3.75937913858816;4.1568749332218
3.78647450843758;4.11832212156129
3.81476748143646;4.08063941952054
3.84423013583632;4.04386401537697
3.87483339555431;4.00803220201452
3.90654705886788;3.97317934110697
3.93933982822018;3.93933982822018
3.97317934110697;3.90654705886788
4.00803220201452;3.87483339555431
4.04386401537697;3.84423013583632
4.08063941952054;3.81476748143646
4.11832212156129;3.78647450843758
4.1568749332218;3.75937913858816
4.19625980753151;3.73350811174698
4.23643787637444;3.70888695949408
4.27736948884743;3.6855399799342
4.31901425039068;3.66349021371745
4.36133106265239;3.64275942130097
4.40427816404783;3.62336806147403
4.44781317097298;3.60533527116762
4.49189311963206;3.58867884656866
4.53647450843758;3.57341522555727
4.58151334094116;3.55955947148459
4.62696516925272;3.54712525830705
4.67278513790519;3.53612485709188
4.71892802812141;3.52656912390697
4.76534830243965;3.51846748910729
4.81200014965354;3.51182794802828
4.85883753002223;3.50665705309538
4.90581422070603;3.50295990735759
4.95288386138281;3.5007401594514
5;3.5
5.04711613861719;3.5007401594514
5.09418577929397;3.50295990735759
5.14116246997777;3.50665705309538
5.18799985034646;3.51182794802828
5.23465169756035;3.51846748910729
5.28107197187859;3.52656912390697
5.32721486209481;3.53612485709188
5.37303483074728;3.54712525830705
5.41848665905884;3.55955947148459
5.46352549156242;3.57341522555727
5.50810688036794;3.58867884656866
5.55218682902702;3.60533527116762
5.59572183595217;3.62336806147403
5.63866893734761;3.64275942130097
5.68098574960932;3.66349021371745
5.72263051115257;3.6855399799342
5.76356212362556;3.70888695949408
5.80374019246849;3.73350811174698
5.8431250667782;3.75937913858816
5.88167787843871;3.78647450843758
5.91936058047946;3.81476748143646
5.95613598462303;3.84423013583632
5.99196779798548;3.87483339555431
6.02682065889303;3.90654705886788
6.06066017177982;3.93933982822018
6.09345294113212;3.97317934110697
6.12516660444569;4.00803220201452
6.15576986416368;4.04386401537697
6.18523251856354;4.08063941952054
6.21352549156242;4.11832212156129
6.24062086141184;4.1568749332218
6.26649188825302;4.19625980753151
6.29111304050592;4.23643787637444
6.3144600200658;4.27736948884743
6.33650978628255;4.31901425039068
6.35724057869903;4.36133106265239
6.37663193852597;4.40427816404783
6.39466472883238;4.44781317097298
6.41132115343134;4.49189311963206
6.42658477444273;4.53647450843758
6.44044052851541;4.58151334094116
6.45287474169295;4.62696516925272
6.46387514290812;4.67278513790519
6.47343087609303;4.71892802812141
6.48153251089271;4.76534830243965
6.48817205197172;4.81200014965354
6.49334294690462;4.85883753002223
6.49704009264241;4.90581422070603
6.4992598405486;4.95288386138281
6.5;5
6.4992598405486;5.04711613861719
6.49704009264241;5.09418577929397
6.49334294690462;5.14116246997777
6.48817205197172;5.18799985034646
6.48153251089271;5.23465169756034
6.47343087609303;5.28107197187859
6.46387514290812;5.32721486209481
6.45287474169295;5.37303483074728
6.44044052851542;5.41848665905884
6.42658477444273;5.46352549156242
6.41132115343134;5.50810688036794
6.39466472883238;5.55218682902702
6.37663193852597;5.59572183595217
6.35724057869903;5.63866893734761
6.33650978628255;5.68098574960932
6.31446002006579;5.72263051115257
6.29111304050592;5.76356212362556
6.26649188825302;5.80374019246849
6.24062086141184;5.8431250667782
6.21352549156242;5.88167787843871
6.18523251856354;5.91936058047946
6.15576986416368;5.95613598462304
6.12516660444569;5.99196779798548
6.09345294113212;6.02682065889303
6.06066017177982;6.06066017177982
6.02682065889303;6.09345294113212
5.99196779798548;6.12516660444569
5.95613598462304;6.15576986416368
5.91936058047946;6.18523251856354
5.88167787843871;6.21352549156242
5.8431250667782;6.24062086141184
5.8037401924685;6.26649188825302
5.76356212362556;6.29111304050592
5.72263051115257;6.31446002006579
5.68098574960932;6.33650978628255
5.63866893734761;6.35724057869903
5.59572183595217;6.37663193852597
5.55218682902702;6.39466472883238
5.50810688036794;6.41132115343134
5.46352549156242;6.42658477444273
5.41848665905884;6.44044052851542
5.37303483074728;6.45287474169295
5.32721486209481;6.46387514290812
5.28107197187859;6.47343087609303
5.23465169756034;6.48153251089271
5.18799985034646;6.48817205197172
5.14116246997777;6.49334294690462
5.09418577929397;6.49704009264241
5.04711613861719;6.4992598405486
5;6.5
4.95288386138281;6.4992598405486
4.90581422070603;6.49704009264241
4.85883753002223;6.49334294690462
4.81200014965354;6.48817205197172
4.76534830243966;6.48153251089271
4.71892802812141;6.47343087609303
4.67278513790519;6.46387514290812
4.62696516925272;6.45287474169295
4.58151334094116;6.44044052851542
4.53647450843758;6.42658477444273
4.49189311963206;6.41132115343134
4.44781317097298;6.39466472883238
4.40427816404783;6.37663193852597
4.36133106265239;6.35724057869903
4.31901425039068;6.33650978628255
4.27736948884743;6.31446002006579
4.23643787637444;6.29111304050592
4.19625980753151;6.26649188825302
4.1568749332218;6.24062086141184
4.11832212156129;6.21352549156242
4.08063941952054;6.18523251856354
4.04386401537696;6.15576986416368
4.00803220201452;6.12516660444569
3.97317934110697;6.09345294113212
3.93933982822018;6.06066017177982
3.90654705886788;6.02682065889304
3.87483339555431;5.99196779798548
3.84423013583632;5.95613598462304
3.81476748143646;5.91936058047946
3.78647450843758;5.88167787843871
3.75937913858816;5.8431250667782
3.73350811174698;5.8037401924685
3.70888695949409;5.76356212362556
3.68553997993421;5.72263051115257
3.66349021371745;5.68098574960932
3.64275942130097;5.63866893734761
3.62336806147403;5.59572183595217
3.60533527116762;5.55218682902702
3.58867884656866;5.50810688036794
3.57341522555727;5.46352549156242
3.55955947148459;5.41848665905884
3.54712525830705;5.37303483074728
3.53612485709188;5.32721486209481
3.52656912390697;5.28107197187859
3.51846748910729;5.23465169756035
3.51182794802828;5.18799985034646
3.50665705309538;5.14116246997777
3.50295990735759;5.09418577929397
3.5007401594514;5.04711613861719
3.5;5
3.5007401594514;4.95288386138281
3.50295990735759;4.90581422070603
3.50665705309538;4.85883753002223
3.51182794802828;4.81200014965354
3.51846748910729;4.76534830243966
3.52656912390697;4.71892802812141
3.53612485709188;4.67278513790519
3.54712525830705;4.62696516925272
3.55955947148459;4.58151334094116
3.57341522555727;4.53647450843758
3.58867884656866;4.49189311963206
3.60533527116762;4.44781317097298
3.62336806147403;4.40427816404783
3.64275942130097;4.36133106265239
3.66349021371745;4.31901425039068
3.6855399799342;4.27736948884743
3.70888695949408;4.23643787637444
3.73350811174698;4.19625980753151
3.75937913858816;4.1568749332218
3.78647450843758;4.11832212156129
3.81476748143646;4.08063941952054
3.84423013583632;4.04386401537696
3.87483339555431;4.00803220201452
3.90654705886788;3.97317934110697
3.93933982822018;3.93933982822018
3.97317934110697;3.90654705886788
4.00803220201452;3.87483339555431
4.04386401537696;3.84423013583632
4.08063941952054;3.81476748143646
4.11832212156129;3.78647450843758
4.1568749332218;3.75937913858816
4.1962598075315;3.73350811174698
4.23643787637444;3.70888695949409
4.27736948884743;3.68553997993421
4.31901425039068;3.66349021371745
4.36133106265239;3.64275942130097
4.40427816404783;3.62336806147403
4.44781317097298;3.60533527116762
4.49189311963206;3.58867884656866
4.53647450843758;3.57341522555727
4.58151334094116;3.55955947148459
4.62696516925272;3.54712525830705
4.67278513790519;3.53612485709188
4.71892802812141;3.52656912390697
4.76534830243965;3.51846748910729
4.81200014965354;3.51182794802828
4.85883753002223;3.50665705309538
4.90581422070603;3.50295990735759
4.95288386138281;3.5007401594514
5;3.5
5.04711613861719;3.5007401594514
5.09418577929397;3.50295990735759
5.14116246997777;3.50665705309538
5.18799985034646;3.51182794802828
5.23465169756034;3.51846748910729
5.28107197187859;3.52656912390697
5.32721486209481;3.53612485709188
5.37303483074728;3.54712525830705
5.41848665905884;3.55955947148459
5.46352549156242;3.57341522555727
5.50810688036794;3.58867884656866
5.55218682902702;3.60533527116762
5.59572183595217;3.62336806147403
5.63866893734761;3.64275942130097
5.68098574960932;3.66349021371745
5.72263051115257;3.6855399799342
5.76356212362556;3.70888695949408
5.80374019246849;3.73350811174698
5.8431250667782;3.75937913858816
5.88167787843871;3.78647450843758
5.91936058047946;3.81476748143646
5.95613598462304;3.84423013583632
5.99196779798548;3.87483339555431
6.02682065889303;3.90654705886788
6.06066017177982;3.93933982822018
6.09345294113212;3.97317934110697
6.12516660444569;4.00803220201452
6.15576986416368;4.04386401537696
6.18523251856354;4.08063941952054
6.21352549156242;4.11832212156129
6.24062086141184;4.1568749332218
6.26649188825302;4.1962598075315
6.29111304050591;4.23643787637444
6.31446002006579;4.27736948884743
6.33650978628255;4.31901425039068
6.35724057869903;4.36133106265239
6.37663193852597;4.40427816404783
6.39466472883238;4.44781317097298
6.41132115343134;4.49189311963206
6.42658477444273;4.53647450843758
6.44044052851541;4.58151334094116
6.45287474169295;4.62696516925272
6.46387514290812;4.67278513790519
6.47343087609303;4.71892802812141
6.48153251089271;4.76534830243965
6.48817205197172;4.81200014965354
6.49334294690462;4.85883753002223
6.49704009264241;4.90581422070603
6.4992598405486;4.95288386138281
6.5;5
-0.649120595073885;0.790777804950746
-0.703583418277593;-1.06057928272348
0.754943182237469;-0.272649584215475
0.234965690821351;0.377871106631864
-0.215328835382593;-0.237380887773923
0.350444675240598;0.267393737584267
0.414067377948668;0.102870947949181
0.38942690187275;-0.6330319832103
0.161236902798676;-0.48243279969581
-0.217651598272544;0.0529558270248692
0.396804454523485;0.112910181709054
0.470439563810072;0.566853777725162
-0.231737216945946;-0.336836416766116
0.207005099301276;0.234002472385799
0.16855636466174;-0.226871345230757
0.0781490198710686;-0.344273951935193
-0.281455852910806;0.495701403024362
-0.76450347027562;0.0604595040981149
-0.0213312832212353;-0.480614721606761
-0.855983588375498;0.829204558054693
0.0455591364862647;0.538759243784904
-0.446773488734309;0.642413183587612
-0.194353875228321;-0.128426019738977
-0.464211951550881;-0.202904859130765
0.279120980509641;-0.14402391797181
-0.493978215859736;0.24436402882813
0.297230092295368;0.369676041425646
0.834967366391127;0.0307253539661065
0.673677644315266;-0.109633120055327
0.529834502827514;-0.120117855965585
-0.704761012294713;-0.654571536161264
-0.617294733910381;-0.621359870154387
-0.143224318437521;0.613356293667923
-0.226038507716457;0.261518096978068
-0.113312592468515;-0.138636322538846
0.475230827774871;0.0378120616805776
-0.315877224421648;0.302695277530181
-0.375737719048839;0.025251854495066
-0.0956942670897713;-0.00863580425450129
0.24616667190685;-0.556515201232053
-0.068283097947565;0.615084572332626
0.0877219321053186;0.116363016234121
-0.0555871747548326;0.0866390766583987
0.537803964784429;-0.556694792946926
-0.101110792559522;-0.508867549146472
0.351295213011495;0.468985133050013
0.471742503938481;-0.585375563561451
-0.591417035572443;-0.237351813856962
-0.575828008723064;0.410533253803758
-0.476386759756337;-0.130447090190873
-0.0988224132069455;-0.227011266157123
0.499651472757849;0.445499219041
-0.117328216213898;-0.280100481825931
-0.0473675579484049;0.816339608270619
0.0829786174629715;0.0375036162871587
-0.813377770200667;0.41919049165853
-0.963508113447464;0.37468810293322
0.179166270664129;-0.0742230982819234
0.625857441095652;0.0289608737584334
-0.466512767560693;0.703233052336041
0.609310839390357;-0.309904696308574
-0.531823027178354;-0.591553668980446
-0.203775558724126;0.652794274947478
-0.927503525388493;0.0803963660606321
0.224880487665685;-1.01203164658878
-0.938135646980922;-0.37322215453022
-0.0819822285002473;0.460708329886476
0.352653776916377;0.364339681997513
0.2356847580212;0.182783250592276
0.28289374789953;-0.378713463884165
-0.00127916664573616;-0.378011942403434
-0.0469555210565367;0.108202835744945
0.844860538767661;0.144982545407974
0.473294044532154;-0.521781780073168
0.30314922831847;-0.0802318712788308
0.339037951961561;0.144743989482001
0.933911832723832;-0.247139207916324
-0.314159464119673;-0.370304300934932
-0.470107622713738;0.0178381954093543
0.0776235938195832;-0.254532231610602
-0.792606134183913;-0.241709456215868
0.0127345351395674;-0.195570669280454
0.24221589993716;-0.154540083976146
0.106278566984982;0.577479875064928
0.175732812497673;-0.248986304547232
0.19572200210778;-0.215903578753257
-0.148093009205295;0.210865228240305
0.030761603311762;-0.0541557371337233
-0.110799567519165;0.598054542789524
0.0121993415550249;0.483771473815792
0.305402816975118;0.26863568347274
0.707519828722831;0.0154206748736409
0.154669803621037;-0.233798202356361
0.302980342406337;-0.321940479148057
0.530700031010441;0.0127608208540298
-0.534717303616185;0.73449976449629
0.0614012416750373;0.519093017358728
1.16645345826673;0.0395098875817523
-0.698762128510922;-0.69832792165355
-0.0265066163011039;0.113494997464305
-0.257007479918599;0.247706541452568
-0.06689426481391;-0.206570173264414
-0.185003889664461;0.178965822974028
0.0284053795510933;-0.286227419647248
0.809935463429339;-0.34463275288264
-0.105000306221765;-0.341212813536604
0.453666519623138;0.00906177830600858
-0.0422821654015178;0.0725690576463943
-0.182218028729207;0.626928622841616
0.923098875886371;0.0596494513430167
-0.0463920827070281;1.10136067143206
0.164324948782023;-0.182253181143543
0.193001647722975;-0.0221006136094588
-0.361882815975678;-0.307269415556242
0.0858087600055863;0.452126071149612
0.393411191270751;0.521087866198193
0.217149117982233;0.158724174701994
0.422508910438696;0.0594397122357711
-1.08501348470555;-0.469650896268418
0.216297097238144;0.431178598038431
0.844265781042179;-0.17767003070061
-0.501393598839142;-0.570984732417811
0.248114539603553;-0.170938960836197
0.066222567044009;0.611410188002474
0.211273341040726;-0.200991262367686
0.697404419810585;-0.342028024166058
-0.612001890411184;-0.397206033246995
0.335600731398486;0.322872594224253
-0.293668363549986;-0.479404912523863
0.131667186904821;-0.0431011377654196
-0.359177685645097;0.218513748201574
-0.464648447998962;0.344759894409635
-0.463151355427093;0.114766566082631
-0.151739327912271;-0.945028570312211
0.0369373920475514;0.690170164575144
0.740356043610899;-0.0900090376878613
-0.0870771443010988;0.685413689744589
0.149746477265737;-0.654728234455061
-0.236502199527712;-0.0894263507436541
0.185349697123413;-0.0335432768447078
-0.385810637441518;0.648877449192166
0.387541263578748;-0.0440940090857372
-0.666836615362162;-0.901666200770943
0.125231970159994;-0.0914128425840283
0.0783743297480391;0.739633429477355
-0.433243909980756;0.0728490136793533
0.0706653724407805;-0.237527824713427
-0.56499239650804;0.358249353316409
0.857816547164169;0.134304349403404
0.0660174393925363;0.526397488064213
-0.0971226550327953;0.139676679912305
0.0683268843963379;0.0533189374431405
-0.70160405520992;-0.153969866299401
0.198075339924975;1.29720242495264
0.377367755165675;1.06973712443663
-0.186568622153094;0.366966400652336
1.00984263396918;0.817352228837531
1.42634673771032;0.74187986102299
0.147230377334937;-0.898591189228969
-0.0877407180041186;0.197361543052458
1.00055832972781;0.189271224029815
-0.566619862267173;-0.430595021084569
0.111247660300769;-0.462602395285958
-0.483548551601588;-0.357420254878021
0.316537042589842;-0.00419447949332624
-0.549264702397729;0.093904289223328
-0.103759863907778;0.336232958007503
-0.255355376822505;-0.014780554554322
0.128500897211554;0.366489303870982
0.188979025179173;0.0892928763628645
1.2514796073728;0.178779894429103
0.0592314000881227;0.118791819225871
-0.123908327404329;-0.290389768759243
-0.154361609576775;-1.0970256294516
0.515770464586574;-0.0847020259024141
0.382621957775933;0.170049028201917
0.55288581728454;0.947124142094373
-0.593196150049292;-0.0732052395621774
-0.294495862759197;-0.299723228890718
0.606279160477928;0.442999024436346
0.802060568961346;-0.792514648865996
0.0967337913384997;0.0970763963840105
-0.0154049421041749;-0.671989102248426
0.942507090060007;-0.405332984903726
0.490488791345815;-0.449501291536425
0.3965799810885;-0.253271856685766
-0.263805895329635;0.488118799854117
0.0824674234568506;0.00534199023901904
-0.474278086982697;-0.362287510779137
-0.417838376671504;-0.28617129338283
0.148734280558769;-1.25150430280482
-0.213547309765227;-0.183495683732992
-0.115471344469898;0.0586666812771077
-0.170976868319886;-0.210323950673059
-0.0292989507694059;-0.230745432513989
0.167035578868552;0.339344171589487
0.0621540458549828;-0.329779905894393
-0.130432130169904;-0.949986148891616
0.0164963604332906;-0.0833841835732889
0.774455366738185;-0.462029576626712
0.196796286095757;0.140941333978792
-0.809099284096572;-0.559034296501645
-0.0472621628375913;0.455400820060279
0.0233410235893887;-0.0371528031063527
-0.19061041011759;0.162194359636992
-0.26569625174038;0.324753480311755
0.561542454016435;0.816057152716723
-0.485410974592975;-0.0363862920634849
-0.098987500111828;-0.441704874596619
0.0582494873796367;0.368656592337623
0.373970744667715;-0.286329805291541
0.792865357017177;0.470010315727646
-0.598921477862928;0.0733210729736922
0.559820646404214;0.304458393057595
0.121386305895619;-0.649353555657618
-0.243755465005679;-0.303108701160365
0.38004040522773;0.364762624451932
-0.412033397540879;0.528878671774462
-0.223100933890438;0.337746904345488
-0.0582320881238729;0.0114364765136412
-0.146687316779965;0.824565034994913
0.36119571860598;-0.157367927867692
-1.00082501994185;0.657293220376775
-0.0912019975571808;-0.586972623155796
0.714797312655926;0.841584793446436
0.470402247265818;-0.247515349779865
0.078892243105151;0.26205608432608
-0.083694457709633;0.717029988242956
0.986252392303865;-0.334250238860975
0.835071443100689;0.0524414941402914
0.322042403197596;0.243100516718998
0.361806989854238;-0.0687674998379911
-0.0315552006079264;-0.0897431466997481
-0.018595139009091;-0.657728548219406
-0.341797481273693;-0.502783867140927
-0.344588376317127;0.299023378982533
-0.28400392434054;-0.684931175064349
0.349849918176003;-0.632814543566623
1.03117672971674;-0.196266690261469
-0.564691578737701;0.641805871806728
-0.780902197060376;-0.347246958613983
0.294140588321777;0.183949041428585
0.360688692529914;0.32198257691811
0.17121681997985;0.395315461525189
0.560265556718714;-0.293699880899744
0.00171509460180587;-0.37963431104136
0.17333175459396;-0.0417484911567182
0.490979737944388;-0.0785917225475554
0.586900353555303;-0.133121680505391
-0.560045434387293;0.573870820693287
0.557602092973271;0.384388390288481
-0.504284138580583;-0.477626368655373
-0.605826068776342;0.433886646803006
0.231196519172924;0.0557071847442218
-0.325040334874503;0.577971470856906
0.353260283721841;-0.0461220954650642
-0.438350067470481;0.458589243388182
0.0147959259697463;0.0104411439602559
0.271634766654321;-0.585736287197145
0.539210140591296;-0.295419157248874
-0.000751486531333721;0.157766828488554
-0.321458502049151;0.0927846993964777
0.497455163420031;0.381580915762022
-0.00498627664827788;-0.201765305042126
0.133891832361198;-0.170376710811445
-0.217421127533968;-0.173125476089683
0.199965739786877;0.320890643426551
-0.0432049006145311;-0.428090788452233
0.378083380656914;0.756904183678902
0.913832323817535;0.0535810481076931
-0.0619255609665291;-0.276477264315802
0.0582747218357653;-0.0208580035659077
0.184681969835929;0.0922655501704191
0.822234785804492;-0.832051715371884
0.0287565146427508;-0.685511802615134
-0.547536018296631;-0.0235579189752183
0.00736537683214388;0.570922615844665
0.647231174799846;-0.72192952973501
-0.656200450004737;0.35973715102244
0.0843015637522754;-0.13280680542116
-0.470507748002444;-0.444442597349708
0.926099096184423;-0.00627521568348942
-0.189391919774954;0.544285484226665
0.405015654530209;0.0699645731667846
0.206879511206116;-0.679653446353319
0.524465601997213;0.520709538188727
-0.950746463525644;-0.397030785131799
-0.440208773629081;0.885033636105707
0.209743544877092;0.144285825541653
-0.565558168876967;-0.0684397236987727
-0.576284130230276;-0.106869675661111
0.322047984300584;-0.0932745169997003
0.100058954663902;-0.84057977625721
-0.186780835969538;0.432950630895897
0.559872199982991;-1.04154135888621
0.298012838663645;0.412935871315304
0.289419748191289;0.486222740271364
0.000837303094011724;0.385616119955297
-0.844622424233042;-0.328954642223819
0.327617952058214;1.23012934608116
0.878847192495193;0.861043606136597
1.15423202136477;0.311483934146785
0.0487918112882748;-0.112788309426982
-0.318812219568053;0.323469454425561
0.00403648942269958;-0.564616596057713
0.000443345505507869;0.93210951086246
-0.787028583041611;0.20444856322024
-0.309554275254162;0.596050268030025
0.431125487013321;-0.818551149834769
-0.345573762317819;-0.127658966132924
-0.499937428424064;-0.124602717434901
0.486023997102622;0.998910073606657
0.163817028657805;-0.976865893932596
0.525774299269299;0.287327538050537
-0.282805303107608;-0.233095522328654
0.467613190967142;-0.527231784814438
0.403060587437947;-0.0605621249410018
0.458423481294211;0.112057008586811
0.558954832630498;0.230126692596245
0.130442472787953;-0.766281158500736
-0.856179753804943;-0.158989153504937
1.0485338237741;-0.485650472264928
-0.146279182094411;0.300968635366561
-0.152511546768072;0.12273828093071
0.331458594822623;-1.16889448397288
0.010863204304225;-8.91349447981814e-05
-0.174193728334667;0.0956081196802961
-0.0145882653275726;-0.59500625926168
-0.169520999314265;-0.233109629215925
0.0453573027601261;-0.505765733992119
-0.433839908792441;0.156284662829676
0.163781789318995;-0.785764471196161
-0.201018778076311;-0.271385213433989
0.0404807122164857;0.370463290412149
-0.135054992676228;-0.0573399535671879
1.02353795223091;0.306017590744743
0.0314013971468552;-0.419694293787673
-0.183483853619426;0.41554319277637
-0.0314464894880142;-0.128737923910778
0.334151873588401;-0.110061431600786
-0.436356349590839;-0.417199671837946
0.208557960287787;-0.524630817929298
0.0967696690951071;-0.108744134133318
-0.161111895065397;-0.385415002279249
-0.413138920413824;-0.335497039328921
-0.522203403079015;0.160534330826819
0.00455332653920331;0.751421508686411
-0.685097245214593;-0.403540534328542
-0.0177421179818204;0.454440207788274
0.0234282989742922;0.193120518442185
0.21292385019445;-1.09437173903784
0.0767495382561245;-0.667146840614719
-0.685382495126464;-0.844934860052413
-0.0493912284570987;0.533606415129314
-0.17020657546995;0.254710943064196
0.466161046082842;0.324641828417354
0.229563843119439;-0.665352654526561
-0.418868627437563;-0.280747195657362
-0.646886782713822;0.187430165175494
-0.0508008777335331;0.00106080289965646
0.0582121894739029;-0.423582679435841
0.0213717749730157;-1.24146623877033
0.124555300141791;0.734899922380271
0.403920983007546;0.229131381511257
-0.624957339934937;-0.752265473619676
0.363166759151249;0.669111560248057
0.0508901009080059;-0.185052480307059
0.171663021298166;0.279932313571067
-0.238062003337024;-0.408646549163408
-0.264045311506317;0.122079743193082
0.614565815051897;-0.431061717500754
-0.264885957180787;0.0487042735774594
-0.407162716188167;-0.781945340495515
-0.0336076709521682;0.118819021912969
-1.11735436840113;0.61737976093935
-0.0262978840358284;0.0238994140341797
0.552958550367017;0.429756194893923
-0.732735608414969;0.759426966877942
0.662840025720634;-0.860318097294118
0.489087886757752;0.43550468611861
0.154792153077016;0.654183041213198
-0.0147032975121204;0.0223822856397028
0.476230549022109;0.410814761785939
-0.626270646267294;0.637732947201454
0.607206790259486;0.890769217039914
-0.573230924761537;-0.795083476832123
-0.147465216950977;-0.444542147447074
-0.143281875776687;-0.233167369156359
0.272675433399729;0.455250367431757
0.576285472740007;0.600463178573134
-0.0629003145240793;0.285887467272214
0.491874421032652;0.408011154288783
0.827230610666143;0.731052485304621
-0.101474446019603;-0.305430019774858
-0.330939281515017;0.595473916962442
1.02154069817634;0.077900963675189
-0.434767497395059;0.390358645928469
1.30122518839572;-0.978848465932477
-0.0253178486846538;-0.586995658049924
-0.17779764413814;-0.00214070281257229
-0.194187491033534;4.33641907879874
-0.474343956259131;5.28384901760993
0.42681334535591;6.42191118246475
0.200071723381713;4.66622763369364
0.618269406448263;5.16473178701908
0.699083751879877;4.1768632008737
1.82334301023765;6.5377318441978
-0.723986718707516;4.94518920792229
0.723123698311781;7.41646461582107
0.122649656205088;4.85369278874265
2.56364410863509;5.96947789266927
1.54334564833165;5.22033616505835
-0.738602895272995;5.94330534249961
0.965102632798299;5.40562739666791
1.03830060548679;5.25872151873866
0.614576946276816;4.73820821628727
-0.0944102057705332;5.34395062355708
-2.26406711186107;4.85705371654657
1.25623926551766;5.71772597106742
-0.00112953108726699;5.07771099085787
0.572003824857257;5.88459218977777
-0.722695599288473;5.1177844187007
0.995391032432892;6.06312874355168
0.401338624129062;5.20481501522692
0.158421583121521;4.15647351281301
0.111568395386617;5.36505692125452
-0.978675614063093;4.46086132457402
0.703147114998446;5.155050776201
-0.102720759499311;4.080819611328
0.520410510494827;5.62403881592631
0.808909948574506;5.88637567776238
-0.300151726913366;4.87687805323765
0.462320611704731;5.78305812663214
1.40613156456172;5.41910688579367
-1.88743122464948;3.92299596000742
0.2754297644797;5.43058501511292
-0.889086582424661;4.10269893613445
0.755371541713394;4.66929841123322
-0.548825878827994;3.60226813711675
0.340545780287007;5.6727431913316
1.45453808311233;5.99775988822039
-0.130665174606823;5.82984253826439
0.756405650205896;4.96515692044387
-1.13025644512031;3.50258048615406
0.584924095416587;3.55157420703718
0.603835756498688;4.30283165823329
0.195080879192104;4.86893392824552
-0.218308426161956;4.81886240072479
0.375743041335114;5.33040730090869
-1.63608669795932;4.42780293119655
0.408669467611651;6.55135986822218
0.955866075826977;4.59553241296481
-1.41965785218874;4.85738987241715
-0.137770712317032;3.74381663388977
0.961697464732012;5.43273617954938
0.967778765145723;5.30098314202086
-0.33537639326675;4.46100196958332
0.0281699929719351;3.68494633680374
-1.29527235504114;6.00685321387821
0.342882809731456;4.94062400665376
1.04977203426534;4.63508472564128
-0.947720159935982;5.12881785254301
0.180612175432946;5.8268650342904
0.82563896217755;5.2054437659624
1.68867422074004;6.38381865010077
0.374616202896529;5.56504719945308
0.420912164798512;5.64989893965148
-0.255093142896101;4.59067769471569
0.221961383139045;4.99518889080346
-1.23700499892962;4.45857964013232
-1.81284555497928;2.12397335410231
-0.805987007918453;3.85539854106045
-0.408490069286681;5.41919799767408
-2.10064788987548;4.41228568533496
0.73602504288738;5.08429637400998
-1.299377895089;5.66066609362877
0.967850069036272;5.76397139476326
1.01417666696287;7.11953026713188
-1.97314098556692;4.11981982993012
-0.608537595997504;5.57195639313502
0.684815109569454;5.16478388262327
-0.501629794406419;4.53477569078558
-0.43338558050732;4.67894056294173
0.373135520438462;5.68640178247869
0.92037337268898;3.91923008534759
-0.238222624871082;4.08210855220551
-0.284111894598727;6.05999960536747
0.688690650524384;3.60821211843811
-2.0325198867243;3.70965157321235
-1.67974061036616;4.53922590085059
-0.320738847205011;5.94849424434654
-0.991311602669589;3.93961095665785
-0.20385453253658;5.6489143813891
0.280205583082442;4.49276855287079
0.341415623222274;5.28029941573072
0.306405723272441;5.3326311888661
-0.874351129317742;4.05866433296825
-0.175523026618123;5.9194225601995
0.272390914404875;4.50859440987826
-1.04631826626431;5.4214162372084
-0.745907247885586;5.1409889763566
0.476361627517487;4.96963373495195
0.183508693733861;5.31985114200385
-2.48875162107661;4.03357556944283
0.0144320192896609;4.76487407768681
1.11885936573501;5.10853689945751
0.850637403001702;5.03655059527605
0.960168065458903;5.50579761951356
-1.98968962786869;4.09532350566355
-1.98425401015891;5.30660932751719
1.24493976232736;6.15779645537799
1.04194871931444;5.82723551169327
0.33846370404356;4.10260716624861
-0.772666418268335;3.74238082685933
-1.64441830528519;3.55172293612919
0.38575131463069;5.40596101505627
0.0467892784731898;3.85281187812441
0.608098332945137;4.92478715480041
-0.80228956539862;4.71243559184903
-0.387007460635317;3.67244929528211
0.88107081286299;5.81281930538166
-0.681423793589697;4.61033889901263
1.11297175782869;5.66058812834454
0.85291128503194;6.46903938056925
-0.680714020342857;5.01522019333132
1.41844146815106;5.48127733759961
0.239973870390136;4.55915088552154
-1.65750571251469;3.31249540102831
-0.0627375651392146;4.20154774990537
0.276773119657441;6.11421975288057
-1.51526022862472;3.45766414016532
-0.380486143912572;4.51280790956502
1.18798133161467;4.45102285012243
-1.31603488087994;3.97936984890303
0.258486297840297;5.33181270314825
-1.08866067108774;2.96710844486217
1.13472981600441;5.50993839043227
-0.000198022835952383;4.25404218821049
0.534999666956274;4.84856057270938
-1.70212677059431;2.82282800252734
1.06886750217485;4.0053284671927
0.645133108430196;5.43019812221532
0.366317081936673;5.02570300757699
-0.0981207319728322;4.85967161105987
-0.661127019997328;4.35787680301193
0.476795928432459;5.99460396445407
0.863375607999815;5.62782720009354
0.635637669279331;6.10095630507174
0.908884360316137;5.04335512544634
0.274263985412765;4.58169065945402
0.522763313267413;6.45991498441957
0.808088518087571;5.06494630779359
-0.102282064484936;5.64517565255595
-1.38779930459117;2.94345527210107
-0.451506784333316;4.64210463100567
0.553015436869557;4.52478300130525
0.220781622494521;4.62444679376464
-0.254375625776211;4.6195121722842
-0.542592446003414;3.09494110077757
-1.25065070770871;4.80669155522437
-0.14587489502395;4.74874431120868
0.8890576313861;5.78587143534564
-0.251334640601183;4.30779458436539
0.863817386778993;6.51235978532416
-2.08631995474376;3.67755788292848
-0.953308528021098;3.34570377645411
-0.397932791043257;4.18991938255355
-0.892720709887628;2.63766624728311
-0.126331313106295;4.9433811757051
-0.84560600516699;4.84168730144311
1.59102226187985;6.40733933829868
0.295279465212575;3.98256436118207
0.280111530338246;5.76497764264495
1.56039703992296;6.75030944716009
0.83170760550035;5.54070162098464
1.85141320106202;6.66704969291123
1.39378977106512;4.43043821190447
-1.52847915143109;3.30602728100371
1.2129411472057;4.26164983882972
0.843526929197682;5.64837460374273
1.19329537230904;5.34300929078389
-0.263266880717506;4.90821665441101
-0.258854099435036;5.81740156250143
0.357290988455524;5.51846214153325
-0.480468894490666;4.86537224967262
-1.56955432281744;6.07127445755467
-0.554535172365907;5.2310815263293
-0.228419498098515;4.19819802593746
0.0419798490514092;5.3525210203815
0.930002573568897;5.37465425949279
-0.215731329377867;4.33748881387742
-0.380235564720132;4.70061224540762
1.18712084023023;5.97267904723929
1.09415552801038;5.69910727169254
-0.700209802803641;3.83351090404082
-0.259349136110823;3.62444978588458
0.00670547487860446;4.01410206327023
-0.579439785562027;4.40361500916305
0.328041817894224;5.111054126937
-1.09076771214911;4.96690322216239
0.116206765506225;5.59840902323023
-0.0917703952051396;4.9164180833375
-0.0212395203504775;4.6629861534215
0.623213200531329;5.92901379338499
-1.18396241617484;4.79942716165793
2.88510748133883;6.21661037983985
-0.0623682400579772;4.38911504750215
0.104410324115063;4.8279462740333
-0.207740440974615;4.22818003483692
-1.79058298283219;3.50690214005253
0.848102902804061;5.41927007230767
-0.394918898473608;3.54424398331118
0.824549531034317;4.49182379575983
-1.09730096641287;5.99629165962807
0.0822053869449069;5.8647330026557
3.52294441911264;7.33199365165959
0.751178905345942;5.69382454215304
0.107687659762349;6.38547789040112
-0.39918680475446;5.20768869563559
0.388369478034232;6.03620992108035
-0.273301257979674;5.22825806688649
0.507926854212585;5.60315378969358
-1.76662154352577;3.13689619445687
-0.223150900272663;5.65461243394657
-0.827211941300451;4.1334780035579
-0.202460146456895;3.81635834881776
-1.34141113660851;4.48755549381938
0.903430002523019;6.30392708556494
-0.705469096962795;4.73161953415868
-1.99610265609211;3.74600386815209
-1.19445765393918;4.88262366206965
0.436713146319632;5.68170836911602
2.25003914369212;5.78093002146354
-0.448513296797069;5.02392181810249
1.7063567098544;5.70329638598007
-1.94548976583233;4.88172672085349
-0.270704070292991;5.93953870990166
1.29369189255836;8.03424332314942
-0.756747807080157;4.39165520649046
0.580246939540137;5.9645584323251
2.12546126134665;7.03769937578423
0.27108674796345;6.90248849694025
1.26805918747929;5.14886692346078
-0.430039087145527;4.88420559898502
1.06899058437306;5.41674590365294
-0.950992143075434;3.86994301655028
-0.74583909053125;4.37172481542772
-1.49637548636207;4.54448251999433
1.0652717521049;3.71723012697754
0.559587352030773;4.08124627439369
0.04934559959602;4.00109381421812
0.248781267622855;6.30918813100356
0.5451274521779;5.19350337600977
2.04442747326789;5.41483132586324
-0.796731630625663;6.72358402567414
-1.13839341209132;3.96240088164865
0.286218371774861;5.90550365333777
0.580265648407377;6.09148087914468
1.25645247951834;4.43959601508552
-0.21858432940346;4.15314745355669
-1.28236923305308;4.22849028131901
1.30664294585085;5.89107661786271
-0.96056799217758;4.75336069570173
0.934258635868677;5.62184991909765
2.73546771548501;7.34962215178648
0.489986263028435;6.16389481514548
-0.883131166763998;4.98745310060105
0.149699887807211;4.41673193364308
0.60997649990328;5.49251734858561
-0.628117963214261;4.48665235066316
1.13431392755522;5.63677404720416
-0.313023087197475;5.46268861595352
-0.86700392128975;5.51425066011584
-1.06222899178871;4.92174718424037
0.509617680623033;4.63423602682153
-0.279148941460105;4.66150154052182
0.216418377676821;5.25348132560366
-2.07683498121219;2.77928174557833
1.56897737078593;6.0711811130792
1.02488671822546;5.04578164995302
-0.366960575932975;5.56987852208399
0.775299657124815;5.59729834495637
-1.13840087938045;3.97579543381074
-1.10028416314191;4.50226754164216
0.155757962780413;4.31710065915746
-0.225819706581412;5.09739373370689
0.500374382357954;4.66998807392566
-0.460466275870896;5.5323951025297
0.715227134582899;5.68860719871459
-0.228666299568351;4.75550855207811
1.03713570555785;5.87399089860907
-0.320869015044648;4.95556174544997
-0.303862653131164;4.65389492836122
2.24309547218333;5.23972340341222
-1.09730086366591;3.52625456545255
0.378466480946039;5.56660287105301
-1.82507306323589;4.95715465051594
0.0475556590235886;3.41913920567878
1.08216332239124;5.29584716094016
-0.554806473577888;4.6858872302578
1.35138976897656;5.5790223965767
1.19494914797204;6.78578932367368
1.88887093425315;6.06985380162266
-0.200726477263533;5.56024400234166
0.50292225593275;4.84958161923265
0.301999274687348;6.12336193957896
0.717135296281247;5.99097042907276
1.02848594017842;4.47555327176155
0.381741334599583;4.32445748149929
0.396761263662202;5.83956369815559
0.298876603688944;6.20306886091631
-1.77938825825943;4.02103190647068
0.821489712313729;3.98838772141134
0.0338476399260631;4.41991026649025
-0.607459351917629;4.19607596654861
-0.381458013857746;5.71788832774227
-0.312699443657189;6.02092963482954
-0.734203733015178;5.10692483257837
-1.02007831216215;4.86835789596983
-0.675905289350636;5.0504935049587
-0.0666053915642253;4.60448235375555
-0.401485880425019;5.18175782796794
0.32057178624616;5.63863184885432
0.200661818273542;6.19707695531402
1.02647291549594;5.49924095423004
-0.340511835207042;5.0628828641974
0.147482867954391;5.36273106987637
0.0806866517065263;5.86788449568812
0.115986564409259;5.686680061019
-0.244611239522288;5.78002525325175
0.339334703581679;5.03887471584391
-0.273659455094241;5.56673480864352
-0.478424043468573;5.08740449357264
0.648734871105723;5.05286048441412
0.623326181699712;5.23019753102305
0.916148736571006;3.96508013679394
-1.97347102018461;4.03068980983507
2.64245439208677;5.26842553292982
0.724141484439883;5.49431938147095
-1.29605185386084;4.00266320213796
-0.0587796236380919;4.77777182063196
-0.00910205405258707;4.02835647505969
-0.272285461616731;5.59710282958268
0.502628896123377;5.19665365410845
-1.65338148300093;2.62874167084844
1.49034352068744;4.33834000866967
0.417437773704139;5.63719801728213
-1.49815682124586;5.42128560424919
0.0484088810866977;6.07965779776319
0.421075727448135;6.55335668590606
0.156243061248833;4.60547268210557
0.233875331729956;4.7581700051725
0.0567841945278897;4.74915554163341
0.35669655045483;5.34445519768844
-1.2229692804028;5.09343199421924
-1.29084644640077;5.22002235491892
-2.46307527775212;4.11420841333241
0.58817288078444;5.91914107773575
-0.251413358160001;6.33663073947034
0.334680387568192;6.04556006231525
-0.484060627934918;4.75300974214393
-0.929114054410841;4.31336341142415
1.22605338162322;5.50026913085502
1.92146395774666;6.10039273306566
-0.732747492056558;3.99115738585656
-0.405372030561452;4.32742745627285
0.247000362862272;5.65527268029073
0.655588702389969;4.14019240561513
-0.87030162839535;4.92552289865776
-0.993492484507074;5.18431004804138
-0.278940208179733;5.95392454759671
-0.608399705411088;4.89608892469286
0.293579743364092;3.99338573663029
-0.743348497716624;4.30473045588997
1.0109223113171;5.90837285555286
1.14424536268284;3.78560528791189
0.295428904635638;4.726562815903
-1.04622592958305;3.65985140990424
0.899443576982057;5.57654233432899
-1.30849161177786;4.86324070844386
-1.23475498452228;5.15433437180398
1.08701873953566;5.77268446380406
-0.404983088946713;4.80919641332713
1.23222990588797;5.67513480695263
1.30726492865453;4.35054847479859
0.779592734267176;5.09620547881526
-0.324279097865037;4.67136612609593
-0.00481218241668286;4.95043266922782
0.925301593063086;6.45987144454553
-1.4652066488183;3.65751058059579
-0.0855230510668915;5.63556513024413
0.606637382768188;5.78242406647036
0.193338287516585;2.97383461184259
0.331111366441184;5.58063608499388
-1.88021130117959;4.83246083883385
1.22351871706344;5.87087651316754
-0.472343606584534;4.91052684129932
0.9610895727304;5.18386631485196
0.067021176409397;5.22820738766417
0.138501404358178;4.12274850507556
